200908 69872                           100102702588                                                                                                        LOPEZ               MORANTE             SEGUNDO WILFREDO              1         8482          000          000          000          000          000          000          000          000          000          000          000          000          000          000          000          000          000100%000%000%000%000%
200908 69872                           200100797926                                                                                                        GAMBOA              KOEL                DELFOR YGNACIO                1          000          000          000          000          000          000          000          000          000          000          000          000          000          000          000          000          000          000100%000%000%000%000%
200908 69872                           300103693127                                                                                                        HIDALGO             HUIMAN              LUZ ANGELICA                  1         5172          000          000          000          000          000          000          000          000          000          000          000          000          000          000          000          000          000100%000%000%000%000%
200908 69872                           400129680627                                                                                                        HIDALGO             HUIMAN              EDIT FLORA                    1          000          000          000          000          000          000          000          000          000          000          000          000          000          000          000          000          000          000100%000%000%000%000%
200908 69872                           800100461228                                                                                                        RIOS                DE ALVARES          JULIA GERARDA                 1          000          000          000          000          000          000          000          000          000          000          000          000          000          000          000          000          000          000100%000%000%000%000%
200908 69872                          1100142328819                                                                                                        MAMANI              LUQUE               CARLOS FREDY                  1        29019          000          000          000          000          000          000          000          000          000          000          000          000          000          000          000          000          000000%000%000%011%089%
200908 69872                          1200100420188                                                                                                        PARI                DELGADO             JUAN JORGE                    1          000          000          000          000          000          000          000          000          000          000          000          000          000          000          000          000          000          000100%000%000%000%000%
200908 69872                          1300100470882                                                                                                        ESPINOZA            CCORI               JOSE JULIO                    1          000          000          000          000          000          000          000          000          000          000          000          000          000          000          000          000          000          000100%000%000%000%000%
200908 69872                          1400100508593                                                                                                        LIMACHI             CHUCUYA             LIDIA LOURDES                 1        58087          000          000          000          000          000          000          000          000          000          000          000          000          000          000          000          000          000025%020%023%021%011%
200908 69872                          1500144795011                                                                                                        LOPEZ               HIDALGO             JONATHAN ARTHUR               1          000          000          000          000          000          000          000          000          000          000          000          000          000          000          000          000          000          000100%000%000%000%000%
200908 69872                          1900100473935                                                                                                        PALACIOS            PIMENTEL            CARMEN ROSA                   1       114988          000          000          000          000          000          000          000          000          000          000          000          000          000          000          000          000          000017%013%023%027%020%
200908 69872                          2000180296024                                                                                                        MAMANI              NINA                LEONOR YRIS                   1        30019          000          000          000          000          000          000          000          000          000          000          000          000          000          000          000          000          000000%000%000%000%100%
200908 69872                          2300142941115                                                                                                        CHAPARRO            HUAYNA              PACIANA SOLEDAD               1        32817          000          000          000          000          000          000          000          000          000          000          000          000          000          000          000          000          000043%034%023%000%000%
200908 69872                          2400110249686                                                                                                        LOPEZ               ESPINOZA            LUIS ANTONIO                  1          000          000          000          000          000          000          000          000          000          000          000          000          000          000          000          000          000          000100%000%000%000%000%
200908 69872                          2600100790164                                                                                                        QUISPE              CAPA                EVANGELINA                    1        24415          000          000          000          000          000          000          000          000          000          000          000          000          000          000          000          000          000000%000%000%000%100%
200908 69872                          2700100443765                                                                                                        CALDERON            CARAZAS             KARINA                        1        26201          000          000          000          000          000          000          000          000          000          000          000          000          000          000          000          000          000000%000%000%034%066%
200908 69872                          3000141525941                                                                                                        PILCO               MELENDEZ            ORIANA DELMA                  1         8751          000          000          000          000          000          000          000          000          000          000          000          000          000          000          000          000          000100%000%000%000%000%
200908 69872                          3200100497207                                                                                                        HUALLPA             ACHO                DOROTEA                       1          000          000          000          000          000          000          000          000          000          000          000          000          000          000          000          000          000          000100%000%000%000%000%
200908 69872                          3300100791974                                                                                                        LAURA               CABAYA              CARMEN ROSA                   1          000          000          000          000          000          000          000          000          000          000          000          000          000          000          000          000          000          000100%000%000%000%000%
200908 69872                          3600101240153                                                                                                        CUTIPA              DE MARCA            MODESTA                       1          000          000          000          000          000          000          000          000          000          000          000          000          000          000          000          000          000          000100%000%000%000%000%
200908 69872                          3700100432448                                                                                                        PONGO DE LAURA      --                  PAULINA DIONICIA              1          000          000          000          000          000          000          000          000          000          000          000          000          000          000          000          000          000          000100%000%000%000%000%
200908 69872                          4100100486605                                                                                                        LUPACA              QUISPE              FORTUNATA                     1          000          000          000          000          000          000          000          000          000          000          000          000          000          000          000          000          000          000100%000%000%000%000%
200908 69872                          4200100434861                                                                                                        VANEGAS             APAZA               EUSEBIA                       1        40693          000          000          000          000          000          000          000          000          000          000          000          000          000          000          000          000          000000%000%000%000%100%
200908 69872                          4300100409593                                                                                                        MAMANI              AYCA                LOURDES GUILLERMINA           1         2898          000          000          000          000          000          000          000          000          000          000          000          000          000          000          000          000          000000%000%100%000%000%
200908 69872                          4400100495093                                                                                                        VELASQUE            AMADO               CLARA                         1         3755          000          000          000          000          000          000          000          000          000          000          000          000          000          000          000          000          000100%000%000%000%000%
200908 69872                          4600100442693                                                                                                        MAMANI              FLORES              CESAR ARMANDO                 1        30144          000          000          000          000          000          000          000          000          000          000          000          000          000          000          000          000          000000%000%000%000%100%
200908 69872                          4900141434137                                                                                                        HUALPA              MAMANI              NELLY BERTHA                  1          000          000          000          000          000          000          000          000          000          000          000          000          000          000          000          000          000          000100%000%000%000%000%
200908 69872                          5000100407579                                                                                                        LAQUI               LAQUI               FELISA                        1         2344          000          000          000          000          000          000          000          000          000          000          000          000          000          000          000          000          000100%000%000%000%000%
200908 69872                          5100145116990                                                                                                        MAMANI              GUERRERO            MELISSA EVELYN                1        64429          000          000          000          000          000          000          000          000          000          000          000          000          000          000          000          000          000000%000%000%000%100%
200908 69872                          5200145115769                                                                                                        LAYME               CHAMBILLA           SONIA                         1        11613          000          000          000          000          000          000          000          000          000          000          000          000          000          000          000          000          000000%000%000%000%100%
200908 69872                          5400100400399                                                                                                        CONDORI             RAMOS               DELFINA                       1          000          000          000          000          000          000          000          000          000          000          000          000          000          000          000          000          000          000100%000%000%000%000%
200908 69872                          5500140195169                                                                                                        COAQUIRA            TICONA              VILMA                         1         3652          000          000          000          000          000          000          000          000          000          000          000          000          000          000          000          000          000100%000%000%000%000%
200908 69872                          5700105292246                                                                                                        ARMAS               VELA                ROCIO DEL PILAR               1        35000          000          000          000          000          000          000          000          000          000          000          000          000          000          000          000          000          000100%000%000%000%000%
200908 69872                          5800142374713                                                                                                        MAMANI              LARICO              GLADYS BERTHA                 1        16795          000          000          000          000          000          000          000          000          000          000          000          000          000          000          000          000          000000%000%000%000%100%
200908 69872                          5900142502780                                                                                                        TUSO                QUISPE              MARIA ISABEL                  1          000          000          000          000          000          000          000          000          000          000          000          000          000          000          000          000          000          000100%000%000%000%000%
200908 69872                          6000100793874                                                                                                        GUTIERREZ           GAURACHI            JUAN ADOLFO                   1        59108          000          000          000          000          000          000          000          000          000          000          000          000          000          000          000          000          000000%000%062%038%000%
200908 69872                          6200129547982                                                                                                        CASTILLO            APAZA               OTILIA                        1        26484          000          000          000          000          000          000          000          000          000          000          000          000          000          000          000          000          000100%000%000%000%000%
200908 69872                          6300100453681                                                                                                        ONTIVEROS           DE YUCRA            ELBA BRUNILDA                 1          000          000          000          000          000          000          000          000          000          000          000          000          000          000          000          000          000          000100%000%000%000%000%
200908 69872                          6400100505849                                                                                                        SEVARIO             ANQUISE             LIDIA                         1          000          000          000          000          000          000          000          000          000          000          000          000          000          000          000          000          000          000100%000%000%000%000%
200908 69872                          6500100491667                                                                                                        CENTON              ALAVE               ANA MARIA                     1         6031          000          000          000          000          000          000          000          000          000          000          000          000          000          000          000          000          000100%000%000%000%000%
200908 69872                          6600100506176                                                                                                        COTRADO             RAMOS               SUSANA                        1         2769          000          000          000          000          000          000          000          000          000          000          000          000          000          000          000          000          000000%000%000%100%000%
200908 69872                          6700100493056                                                                                                        PALACIOS            SARMIENTO           ELFREN ANTONIO                1        43383          000          000          000          000          000          000          000          000          000          000          000          000          000          000          000          000          000100%000%000%000%000%
200908 69872                          6800100442157                                                                                                        PARI                MENA                FELIX ISAIAS                  1          000          000          000          000          000          000          000          000          000          000          000          000          000          000          000          000          000          000100%000%000%000%000%
200908 69872                          7100107518227                                                                                                        LORA                LEGUIA              JUAN JOSE                     1        15653          000          000          000          000          000          000          000          000          000          000          000          000          000          000          000          000          000000%000%100%000%000%
200908 69872                          7300100485628                                                                                                        VARGAS              DE ESCOBAR          FLORIANA                      1          000          000          000          000          000          000          000          000          000          000          000          000          000          000          000          000          000          000100%000%000%000%000%
200908 69872                          7400145827632                                                                                                        ARRIAGA             DEL CARPIO          RODRIGO PERCY                 1       100019          000          000          000          000          000          000          000          000          000          000          000          000          000          000          000          000          000001%011%056%032%000%
200908 69872                          7500101327697                                                                                                        AQUISE              COLQUE              ABAD SIMEON                   1        32565          000          000          000          000          000          000          000          000          000          000          000          000          000          000          000          000          000100%000%000%000%000%
200908 69872                          7600100482957                                                                                                        HUALLPA             CHOQUECOTA          CAYETANA                      1        42937          000          000          000          000          000          000          000          000          000          000          000          000          000          000          000          000          000000%049%051%000%000%
200908 69872                          7700145401834                                                                                                        LIMA                HUANACUNI           RUBEN ANTHONY                 1          000          000          000          000          000          000          000          000          000          000          000          000          000          000          000          000          000          000100%000%000%000%000%
200908 69872                          7800145943887                                                                                                        TURPO               CHALCO              PAMELA MILAGROS               1          000          000          000          000          000          000          000          000          000          000          000          000          000          000          000          000          000          000100%000%000%000%000%
200908 69872                          8100141815635                                                                                                        QUISPE              ALAVE               SERGIO                        1         7122          000          000          000          000          000          000          000          000          000          000          000          000          000          000          000          000          000100%000%000%000%000%
200908 69872                          8200144351570                                                                                                        LAURA               TARQUI              URSULA                        1          000          000          000          000          000          000          000          000          000          000          000          000          000          000          000          000          000          000100%000%000%000%000%
200908 69872                          8500145170742                                                                                                        MIRANDA             ALIAGA              ABEL WILFREDO                 1        44084          000          000          000          000          000          000          000          000          000          000          000          000          000          000          000          000          000000%000%000%000%100%
200908 69872                          8600101221648                                                                                                        PACOMPIA            FLORES              JOSE                          1          000          000          000          000          000          000          000          000          000          000          000          000          000          000          000          000          000          000100%000%000%000%000%
200908 69872                          9100101869832                                                                                                        CHAMBILLA           CONDORI             ROXANA                        1          000          000          000          000          000          000          000          000          000          000          000          000          000          000          000          000          000          000100%000%000%000%000%
200908 69872                          9200100462069                                                                                                        CCONCORI            TINTAYA             CELESTINA                     1         4759          000          000          000          000          000          000          000          000          000          000          000          000          000          000          000          000          000000%100%000%000%000%
200908 69872                          9300101541319                                                                                                        MAMANI              MAMANI              JULIANA                       1          000          000          000          000          000          000          000          000          000          000          000          000          000          000          000          000          000          000100%000%000%000%000%
200908 69872                          9400100522347                                                                                                        CHURA               TRUJILLO            JUAN                          1          000          000          000          000          000          000          000          000          000          000          000          000          000          000          000          000          000          000100%000%000%000%000%
200908 69872                          9700100509657                                                                                                        TICONA              GUZMAN              JESUS FORTUNATO               1          000          000          000          000          000          000          000          000          000          000          000          000          000          000          000          000          000          000100%000%000%000%000%
200908 69872                          9900145362212                                                                                                        VARGAS              ESPINOZA            NOHELY CONNY                  1          000          000          000          000          000          000          000          000          000          000          000          000          000          000          000          000          000          000100%000%000%000%000%
200908 69872                         10000100470272                                                                                                        JOAQUIN             CALIZAYA            BENILDA MODESTA               1          000          000          000          000          000          000          000          000          000          000          000          000          000          000          000          000          000          000100%000%000%000%000%
200908 69872                         10100100491108                                                                                                        GUTIERREZ           FIGUEROA            GABRIEL                       1        56833          000          000          000          000          000          000          000          000          000          000          000          000          000          000          000          000          000079%021%000%000%000%
200908 69872                         10300129558112                                                                                                        PAREDES             RAMOS               EDWIN TIMOTEO                 1        15000          000          000          000          000          000          000          000          000          000          000          000          000          000          000          000          000          000100%000%000%000%000%
200908 69872                         10400100408594                                                                                                        CAMA                OSCAMAYTA           FREDDY                        1          000          000          000          000          000          000          000          000          000          000          000          000          000          000          000          000          000          000100%000%000%000%000%
200908 69872                         10500100508366                                                                                                        TURPO               MAQUERA             ABRAHAN MIGUEL                1          000          000          000          000          000          000          000          000          000          000          000          000          000          000          000          000          000          000100%000%000%000%000%
200908 69872                         10900144985843                                                                                                        RAMOS               CALDERON            NORMA                         1        14788          000          000          000          000          000          000          000          000          000          000          000          000          000          000          000          000          000000%000%000%000%100%
200908 69872                         11400108856681                                                                                                        GALLEGOS            CACERES VDA DE HUAMAELISA                         1          000          000          000          000          000          000          000          000          000          000          000          000          000          000          000          000          000          000100%000%000%000%000%
200908 69872                         11700141985456                                                                                                        CHOQUE              RAMOS               MARIA DEL CARMEN              1          000          000          000          000          000          000          000          000          000          000          000          000          000          000          000          000          000          000100%000%000%000%000%
200908 69872                         12200100403265                                                                                                        VILLANUEVA          TAPIA               NICOLAS TOMAS                 1          000          000          000          000          000          000          000          000          000          000          000          000          000          000          000          000          000          000100%000%000%000%000%
200908 69872                         12300104437016                                                                                                        GUTIERREZ           VILCA               NORMA SOFIA                   1          000          000          000          000          000          000          000          000          000          000          000          000          000          000          000          000          000          000100%000%000%000%000%
200908 69872                         12400129214083                                                                                                        PAUCAR              ARCE                MIRIAN                        1         6252          000          000          000          000          000          000          000          000          000          000          000          000          000          000          000          000          000000%091%009%000%000%
200908 69872                         12700100440232                                                                                                        MAQUERA             LLANOS              TEODORO                       1          000          000          000          000          000          000          000          000          000          000          000          000          000          000          000          000          000          000100%000%000%000%000%
200908 69872                         13000100474973                                                                                                        ARIAS               TEJADA              GERMAN SULPICIO               1          000          000          000          000          000          000          000          000          000          000          000          000          000          000          000          000          000          000100%000%000%000%000%
200908 69872                         13100100443790                                                                                                        HUARICALLO          CHAMBILLA           JACQUELINE LORENA             1          000          000          000          000          000          000          000          000          000          000          000          000          000          000          000          000          000          000100%000%000%000%000%
200908 69872                         13200180094094                                                                                                        VARGAS              ALAVE               DOMINGA                       1          000          000          000          000          000          000          000          000          000          000          000          000          000          000          000          000          000          000100%000%000%000%000%
200908 69872                         13300106667503                                                                                                        ESTEVEZ             FUENTES             PERCY YVAN                    1         3630          000          000          000          000          000          000          000          000          000          000          000          000          000          000          000          000          000100%000%000%000%000%
200908 69872                         13700100498596                                                                                                        LAURA               QUISPE              LOURDES MARISOL               1          000          000          000          000          000          000          000          000          000          000          000          000          000          000          000          000          000          000100%000%000%000%000%
200908 69872                         13900141539917                                                                                                        FERNANDEZ           PALZA               MIGUEL ANGEL                  1          000          000          000          000          000          000          000          000          000          000          000          000          000          000          000          000          000          000100%000%000%000%000%
200908 69872                         14100129659989                                                                                                        QUISPE              ALAVE               MARIA                         1        12157          000          000          000          000          000          000          000          000          000          000          000          000          000          000          000          000          000100%000%000%000%000%
200908 69872                         14200100433670                                                                                                        CHURA               MAMANI              ELOY ISSAC                    1        74587          000          000          000          000          000          000          000          000          000          000          000          000          000          000          000          000          000100%000%000%000%000%
200908 69872                         14500100508938                                                                                                        MAMANI              DE ROBLES           MARTINA                       1        42146          000          000          000          000          000          000          000          000          000          000          000          000          000          000          000          000          000000%000%000%000%100%
200908 69872                         14600100447876                                                                                                        CALUMANI            QUISPE              VICENTE                       1        61043          000          000          000          000          000          000          000          000          000          000          000          000          000          000          000          000          000000%000%000%023%077%
200908 69872                         15000144723190                                                                                                        QUISPE              PALOMINO            JULIO CESAR                   1         4274          000          000          000          000          000          000          000          000          000          000          000          000          000          000          000          000          000000%000%000%100%000%
200908 69872                         15200180567708                                                                                                        LINAREZ             MIRANDA             ANGEL JAVIER                  1         2439          000          000          000          000          000          000          000          000          000          000          000          000          000          000          000          000          000100%000%000%000%000%
200908 69872                         154001000486060                                                                                                       CHOQUE              PARIA               RUTH ASUNTA                   1          000          000          000          000          000          000          000          000          000          000          000          000          000          000          000          000          000          000100%000%000%000%000%
200908 69872                         15500100479892                                                                                                        APAZA               COPAJA              ROSA                          1          000          000          000          000          000          000          000          000          000          000          000          000          000          000          000          000          000          000100%000%000%000%000%
200908 69872                         15700100438410                                                                                                        CORDOVA             JIMENEZ             GUILLERMINA                   1          000          000          000          000          000          000          000          000          000          000          000          000          000          000          000          000          000          000100%000%000%000%000%
200908 69872                         15800100488959                                                                                                        TACORA              PARI                ASELA NORMA                   1          000          000          000          000          000          000          000          000          000          000          000          000          000          000          000          000          000          000100%000%000%000%000%
200908 69872                         15900116007240                                                                                                        COLAN               CORTEZ              JUAN OSCAR                    1       114860          000          000          000          000          000          000          000          000          000          000          000          000          000          000          000          000          000000%000%040%048%012%
200908 69872                         16000119836760                                                                                                        ESPINOZA            GASPAR              JULIANA                       1          000          000          000          000          000          000          000          000          000          000          000          000          000          000          000          000          000          000100%000%000%000%000%
200908 69872                         16100100412810                                                                                                        MELENDEZ            SALMON              CESAR OMAR                    1        56525          000          000          000          000          000          000          000          000          000          000          000          000          000          000          000          000          000081%019%000%000%000%
200908 69872                         16400143101831                                                                                                        MAMANI              LLANOS              WILSON                        1        13451          000          000          000          000          000          000          000          000          000          000          000          000          000          000          000          000          000100%000%000%000%000%
200908 69872                         16500100510186                                                                                                        CANDIA              AGUILAR             CARMEN JULIA                  1          000          000          000          000          000          000          000          000          000          000          000          000          000          000          000          000          000          000100%000%000%000%000%
200908 69872                         16700146537043                                                                                                        FLORES              LLANOS              WILLIAM FELIX                 1         3673          000          000          000          000          000          000          000          000          000          000          000          000          000          000          000          000          000100%000%000%000%000%
200908 69872                         17000100497947                                                                                                        MEDINA              GUZMAN              EDWARD RENE                   1          000          000          000          000          000          000          000          000          000          000          000          000          000          000          000          000          000          000100%000%000%000%000%
200908 69872                         17300100664535                                                                                                        FLORES              SANCA DE PACCI      MARTINA                       1          000          000          000          000          000          000          000          000          000          000          000          000          000          000          000          000          000          000100%000%000%000%000%
200908 69872                         17700100797439                                                                                                        GUTIERREZ           VILCA               ESMELDA JUANA                 1          000          000          000          000          000          000          000          000          000          000          000          000          000          000          000          000          000          000100%000%000%000%000%
200908 69872                         18000100489724                                                                                                        SARDON              CACASACA            ALBERTO                       1          000          000          000          000          000          000          000          000          000          000          000          000          000          000          000          000          000          000100%000%000%000%000%
200908 69872                         18100100438037                                                                                                        VELIS               FLORES              ALEJANDRO                     1          000          000          000          000          000          000          000          000          000          000          000          000          000          000          000          000          000          000100%000%000%000%000%
200908 69872                         18200100460467                                                                                                        MAITA               DE NOGUERA          ROSA ROSALIA                  1          000          000          000          000          000          000          000          000          000          000          000          000          000          000          000          000          000          000100%000%000%000%000%
200908 69872                         18400100491983                                                                                                        MAMANI              MENDOZA             CIRILO                        1          000          000          000          000          000          000          000          000          000          000          000          000          000          000          000          000          000          000100%000%000%000%000%
200908 69872                         18600100441534                                                                                                        OSACANE             HUANACUNE           ANDRES                        1          000          000          000          000          000          000          000          000          000          000          000          000          000          000          000          000          000          000100%000%000%000%000%
200908 69872                         18700100492970                                                                                                        ALLAZO              VARGAS              ROCIO TERESA                  1         4294          000          000          000          000          000          000          000          000          000          000          000          000          000          000          000          000          000100%000%000%000%000%
200908 69872                         18800101870878                                                                                                        CANAZA              ESPINOZA            SOFIA                         1          000          000          000          000          000          000          000          000          000          000          000          000          000          000          000          000          000          000100%000%000%000%000%
200908 69872                         19000100438449                                                                                                        PARI                DE HUALPA           CASIMIRA                      1         8859          000          000          000          000          000          000          000          000          000          000          000          000          000          000          000          000          000000%000%000%000%100%
200908 69872                         19100140533845                                                                                                        HUALLPA             PARI                NOEMI REBECA                  1        14760          000          000          000          000          000          000          000          000          000          000          000          000          000          000          000          000          000000%000%000%100%000%
200908 69872                         19300144794109                                                                                                        APAZA               CUELA               LUIS ALBERTO                  1          000          000          000          000          000          000          000          000          000          000          000          000          000          000          000          000          000          000100%000%000%000%000%
200908 69872                         19400140461886                                                                                                        PACO                FLORES              MARINA MARGARITA              1          000          000          000          000          000          000          000          000          000          000          000          000          000          000          000          000          000          000100%000%000%000%000%
200908 69872                         19800100447375                                                                                                        DAMIAN              CHINO               CESAR                         1         4777          000          000          000          000          000          000          000          000          000          000          000          000          000          000          000          000          000100%000%000%000%000%
200908 69872                         20100100422116                                                                                                        TURPO               CONDORI             VICENTE DIONICIO              1          000          000          000          000          000          000          000          000          000          000          000          000          000          000          000          000          000          000100%000%000%000%000%
200908 69872                         20200100488130                                                                                                        FLORES              CLEMENTE            ADOLFO                        1          000          000          000          000          000          000          000          000          000          000          000          000          000          000          000          000          000          000100%000%000%000%000%
200908 69872                         20300141051958                                                                                                        LLANOS              HUANACUNE           ELIZABETH CIRIA               1        43637          000          000          000          000          000          000          000          000          000          000          000          000          000          000          000          000          000032%068%000%000%000%
200908 69872                         20400143137682                                                                                                        COTRADO             AGUILAR             JHONY                         1        26004          000          000          000          000          000          000          000          000          000          000          000          000          000          000          000          000          000000%100%000%000%000%
200908 69872                         20500100520879                                                                                                        HUANACUNE           FLORES              CIRIA BENTURA                 1         3176          000          000          000          000          000          000          000          000          000          000          000          000          000          000          000          000          000100%000%000%000%000%
200908 69872                         20600100512556                                                                                                        MEDEROS             RODRIGUEZ           MILKO RONALD                  1          000          000          000          000          000          000          000          000          000          000          000          000          000          000          000          000          000          000100%000%000%000%000%
200908 69872                         20700100518281                                                                                                        GUTIERREZ           ACUA              DAVID                         1          000          000          000          000          000          000          000          000          000          000          000          000          000          000          000          000          000          000100%000%000%000%000%
200908 69872                         20800180031332                                                                                                        LOPEZ               ARANGO              ANA                           1         4809          000          000          000          000          000          000          000          000          000          000          000          000          000          000          000          000          000100%000%000%000%000%
200908 69872                         21000100484633                                                                                                        INCACUTIPA          JINEZ               ELENA                         1          000          000          000          000          000          000          000          000          000          000          000          000          000          000          000          000          000          000100%000%000%000%000%
200908 69872                         21400128266403                                                                                                        FERNANDEZ           HUARIPOMA           HUGO EDMUNDO                  1        32725          000          000          000          000          000          000          000          000          000          000          000          000          000          000          000          000          000100%000%000%000%000%
200908 69872                         21600100417289                                                                                                        LLOQUE              DE IQUIRA           CARMEN TERESA                 1          000          000          000          000          000          000          000          000          000          000          000          000          000          000          000          000          000          000100%000%000%000%000%
200908 69872                         22000144845380                                                                                                        NOGUERA             MAYTA               ELSA AIDE                     1        23329          000          000          000          000          000          000          000          000          000          000          000          000          000          000          000          000          000100%000%000%000%000%
200908 69872                         22100100790032                                                                                                        PORTUGAL            TAPIA               JESUS ANGEL                   1          000          000          000          000          000          000          000          000          000          000          000          000          000          000          000          000          000          000100%000%000%000%000%
200908 69872                         22400100500310                                                                                                        HUACCA              VELASQUEZ           AGUSTIN                       1          000          000          000          000          000          000          000          000          000          000          000          000          000          000          000          000          000          000100%000%000%000%000%
200908 69872                         22500100662209                                                                                                        CARDENAS            ARIAS               ANIVAL ARMANDO                1          000          000          000          000          000          000          000          000          000          000          000          000          000          000          000          000          000          000100%000%000%000%000%
200908 69872                         22800180221679                                                                                                        TORRES              CUSACANI            FREDY LUCIO                   1        60001          000          000          000          000          000          000          000          000          000          000          000          000          000          000          000          000          000000%000%041%059%000%
200908 69872                         22900142955618                                                                                                        HALANOCCA           VILLAFUERTE         JESSICA IMELDA                1          000          000          000          000          000          000          000          000          000          000          000          000          000          000          000          000          000          000100%000%000%000%000%
200908 69872                         23000141088674                                                                                                        HALANOCCA           VILLAFUERTE         CARLA MAGALI                  1          000          000          000          000          000          000          000          000          000          000          000          000          000          000          000          000          000          000100%000%000%000%000%
200908 69872                         23100100469859                                                                                                        PAREDES             CUSACANI            MARIA ELENA                   1         8865          000          000          000          000          000          000          000          000          000          000          000          000          000          000          000          000          000000%000%000%060%040%
200908 69872                         23200100414883                                                                                                        ZANGA               MARINO              JULIA                         1          000          000          000          000          000          000          000          000          000          000          000          000          000          000          000          000          000          000100%000%000%000%000%
200908 69872                         23300109825920                                                                                                        ARAMBURU            OLIVERA             FRIDA                         1        31226          000          000          000          000          000          000          000          000          000          000          000          000          000          000          000          000          000000%000%018%082%000%
200908 69872                         23500100508015                                                                                                        YAJA                GUTIERREZ           MANUEL                        1         4182          000          000          000          000          000          000          000          000          000          000          000          000          000          000          000          000          000100%000%000%000%000%
200908 69872                         23600110465779                                                                                                        IRCAAUPA          QUISPE              JUANA LUISA                   1          000          000          000          000          000          000          000          000          000          000          000          000          000          000          000          000          000          000100%000%000%000%000%
200908 69872                         23800142685563                                                                                                        CHIPANA             PUCHO               ANA MARIA                     1         2460          000          000          000          000          000          000          000          000          000          000          000          000          000          000          000          000          000100%000%000%000%000%
200908 69872                         24000100478018                                                                                                        URCUHUARANGA        POZO                VICTOR MANUEL                 1          000          000          000          000          000          000          000          000          000          000          000          000          000          000          000          000          000          000100%000%000%000%000%
200908 69872                         24200104436006                                                                                                        RIOS                DELGADO             FELIPA                        1          000          000          000          000          000          000          000          000          000          000          000          000          000          000          000          000          000          000100%000%000%000%000%
200908 69872                         24300106056023                                                                                                        GABANCHO            RAMIREZ             SERGIO SEVERO                 1        12654          000          000          000          000          000          000          000          000          000          000          000          000          000          000          000          000          000000%000%100%000%000%
200908 69872                         24700100664596                                                                                                        CALIZAYA            MAMANI              FLAVIO ESTANISLAO             1          000          000          000          000          000          000          000          000          000          000          000          000          000          000          000          000          000          000100%000%000%000%000%
200908 69872                         24800100439467                                                                                                        CHAMBILLA           CARDENAS            FLORA CELESTINA               1        20145          000          000          000          000          000          000          000          000          000          000          000          000          000          000          000          000          000000%042%058%000%000%
200908 69872                         24900100791391                                                                                                        ATENCIO             CCACASACA           ANTONIO                       1          000          000          000          000          000          000          000          000          000          000          000          000          000          000          000          000          000          000100%000%000%000%000%
200908 69872                         25100180184068                                                                                                        RIVERA              MAMANI              TEODORA                       1          000          000          000          000          000          000          000          000          000          000          000          000          000          000          000          000          000          000100%000%000%000%000%
200908 69872                         25200100793547                                                                                                        LLICLLA             CHAMBILLA           JULIO RAMON                   1          000          000          000          000          000          000          000          000          000          000          000          000          000          000          000          000          000          000100%000%000%000%000%
200908 69872                         25300100453092                                                                                                        PARI                MACHACA             SABINA DINA                   1         1749          000          000          000          000          000          000          000          000          000          000          000          000          000          000          000          000          000100%000%000%000%000%
200908 69872                         25500104640352                                                                                                        MAZUELOS            SANCHEZ             LUIS ALBERTO                  1          000          000          000          000          000          000          000          000          000          000          000          000          000          000          000          000          000          000100%000%000%000%000%
200908 69872                         26100140054035                                                                                                        TAPIA               ROMERO              INGRID                        1         3298          000          000          000          000          000          000          000          000          000          000          000          000          000          000          000          000          000100%000%000%000%000%
200908 69872                         26300100492028                                                                                                        CARDENAS            AMEZQUITA           GABRIEL RAMIRO                1          000          000          000          000          000          000          000          000          000          000          000          000          000          000          000          000          000          000100%000%000%000%000%
200908 69872                         26400100420569                                                                                                        ELIAS               PALOMAR             JUAN ATILIO                   1          000          000          000          000          000          000          000          000          000          000          000          000          000          000          000          000          000          000100%000%000%000%000%
200908 69872                         26500100412713                                                                                                        MOSTAJO             ZIRENA              MARIA FANNY                   1          000          000          000          000          000          000          000          000          000          000          000          000          000          000          000          000          000          000100%000%000%000%000%
200908 69872                         26600143982361                                                                                                        PEDRAZA             ARPASI              DANITZA                       1          000          000          000          000          000          000          000          000          000          000          000          000          000          000          000          000          000          000100%000%000%000%000%
200908 69872                         26700100467687                                                                                                        QUISPE              COLQUE              GUADALUPE ANDREA              1          000          000          000          000          000          000          000          000          000          000          000          000          000          000          000          000          000          000100%000%000%000%000%
200908 69872                         26800140673149                                                                                                        PACCO               FLORES              HERMELINDA                    1          000          000          000          000          000          000          000          000          000          000          000          000          000          000          000          000          000          000100%000%000%000%000%
200908 69872                         27000100511190                                                                                                        VILLANUEVA CORNEJO  -                   MAIA VALENTINA                1          000          000          000          000          000          000          000          000          000          000          000          000          000          000          000          000          000          000100%000%000%000%000%
200908 69872                         27200141952404                                                                                                        GUTIERREZ           GARCIA              WALTER VICTOR                 1          000          000          000          000          000          000          000          000          000          000          000          000          000          000          000          000          000          000100%000%000%000%000%
200908 69872                         27300100450616                                                                                                        VARGAS              GARCIA              JULIO MARIO                   1          000          000          000          000          000          000          000          000          000          000          000          000          000          000          000          000          000          000100%000%000%000%000%
200908 69872                         27400100488678                                                                                                        BARDALES            RODRIGUEZ           GARIN ALBERTO                 1          000          000          000          000          000          000          000          000          000          000          000          000          000          000          000          000          000          000100%000%000%000%000%
200908 69872                         27500100496727                                                                                                        SARDON              CHULA               PATRICIA SILVANA              1          000          000          000          000          000          000          000          000          000          000          000          000          000          000          000          000          000          000100%000%000%000%000%
200908 69872                         27600100791955                                                                                                        ZAVALA              ALIAGA              OSCAR EDUARDO                 1          000          000          000          000          000          000          000          000          000          000          000          000          000          000          000          000          000          000100%000%000%000%000%
200908 69872                         27700101845653                                                                                                        NEIRA               CALAMANI            CARLOS                        1          000          000          000          000          000          000          000          000          000          000          000          000          000          000          000          000          000          000100%000%000%000%000%
200908 69872                         28000126633318                                                                                                        SIGUENZA            MARQUINA            SABINA ROCIO                  1          000          000          000          000          000          000          000          000          000          000          000          000          000          000          000          000          000          000100%000%000%000%000%
200908 69872                         28100100497513                                                                                                        ALFEREZ             ARANCIBIA           ANTONIO MARTIN                1          000          000          000          000          000          000          000          000          000          000          000          000          000          000          000          000          000          000100%000%000%000%000%
200908 69872                         28400100444409                                                                                                        HUANACUNE           FRAQUITA            JAVIER OSCAR                  1          000          000          000          000          000          000          000          000          000          000          000          000          000          000          000          000          000          000100%000%000%000%000%
200908 69872                         28500100490442                                                                                                        CALDERON            ARANCIBIA           WILLIAN FERNANDO              1          000          000          000          000          000          000          000          000          000          000          000          000          000          000          000          000          000          000100%000%000%000%000%
200908 69872                         28600100517658                                                                                                        CHAMBILLA           HUANACUNE           YANETT MARTINA                1          000          000          000          000          000          000          000          000          000          000          000          000          000          000          000          000          000          000100%000%000%000%000%
200908 69872                         28800100520875                                                                                                        QUISPE              QUISPE              HILARIO                       1          000          000          000          000          000          000          000          000          000          000          000          000          000          000          000          000          000          000100%000%000%000%000%
200908 69872                         29000100469200                                                                                                        MAMANI              CHURACUTIPA         CATALINA                      1          000          000          000          000          000          000          000          000          000          000          000          000          000          000          000          000          000          000100%000%000%000%000%
200908 69872                         29100129501908                                                                                                        MACHACA             LIMA                JULIO MARTIN                  1        29969          000          000          000          000          000          000          000          000          000          000          000          000          000          000          000          000          000100%000%000%000%000%
200908 69872                         29400140768483                                                                                                        QUISPE              PACO                YESENIA ANGELA                1        15580          000          000          000          000          000          000          000          000          000          000          000          000          000          000          000          000          000100%000%000%000%000%
200908 69872                         29600100464693                                                                                                        NINA                NINAJA              MARIO                         1         1018          000          000          000          000          000          000          000          000          000          000          000          000          000          000          000          000          000100%000%000%000%000%
200908 69872                         29700141051700                                                                                                        MAQUERA             QUISPE              MARITZA ROXANA                1         2706          000          000          000          000          000          000          000          000          000          000          000          000          000          000          000          000          000100%000%000%000%000%
200908 69872                         30100100469816                                                                                                        DELGADO             -                   AURELIA LUZ                   1          000          000          000          000          000          000          000          000          000          000          000          000          000          000          000          000          000          000100%000%000%000%000%
200908 69872                         30900180335768                                                                                                        PRADO               PEREZ               GEORGE JULIO                  1         4085          000          000          000          000          000          000          000          000          000          000          000          000          000          000          000          000          000100%000%000%000%000%
200908 69872                         31200100423760                                                                                                        CONDE               DE QUISPE           PAULA                         1        34429          000          000          000          000          000          000          000          000          000          000          000          000          000          000          000          000          000100%000%000%000%000%
200908 69872                         31300100438341                                                                                                        COAQUIRA            MAMANI              FELIX                         1          000          000          000          000          000          000          000          000          000          000          000          000          000          000          000          000          000          000100%000%000%000%000%
200908 69872                         31500143149115                                                                                                        CAPIA               TICONA              RUYER ELOY                    1          000          000          000          000          000          000          000          000          000          000          000          000          000          000          000          000          000          000100%000%000%000%000%
200908 69872                         31600123854375                                                                                                        GAMIO               MONTESINOS          BORIS ALEXANDER               1          000          000          000          000          000          000          000          000          000          000          000          000          000          000          000          000          000          000100%000%000%000%000%
200908 69872                         31700100460247                                                                                                        MAITA               .                   GODOFREDO SEGUNDO             1          000          000          000          000          000          000          000          000          000          000          000          000          000          000          000          000          000          000100%000%000%000%000%
200908 69872                         31800129561242                                                                                                        TICONA              BENDITA             FREDDY RODOLFO                1        10525          000          000          000          000          000          000          000          000          000          000          000          000          000          000          000          000          000100%000%000%000%000%
200908 69872                         32000141272890                                                                                                        MALLMA              GOMEZ               LILIA MARUJA                  1          000          000          000          000          000          000          000          000          000          000          000          000          000          000          000          000          000          000100%000%000%000%000%
200908 69872                         32300100795944                                                                                                        CHURA               ANCALLE             RAUL OSWALDO                  1          000          000          000          000          000          000          000          000          000          000          000          000          000          000          000          000          000          000100%000%000%000%000%
200908 69872                         32400100429746                                                                                                        DEL CAMPO           DE DEL PRATT        CARMEN ROSA                   1        31534          000          000          000          000          000          000          000          000          000          000          000          000          000          000          000          000          000100%000%000%000%000%
200908 69872                         32700100425023                                                                                                        GALDOS              RAMIREZ             MAXIMILIANO ALFREDO           1          000          000          000          000          000          000          000          000          000          000          000          000          000          000          000          000          000          000100%000%000%000%000%
200908 69872                         33100141308418                                                                                                        SARMIENTO           AQUINO              ELARDH                        1          000          000          000          000          000          000          000          000          000          000          000          000          000          000          000          000          000          000100%000%000%000%000%
200908 69872                         33300100521025                                                                                                        CONTRERAS           JILAJA              LOURDES VIOLETA               1          000          000          000          000          000          000          000          000          000          000          000          000          000          000          000          000          000          000100%000%000%000%000%
200908 69872                         33600142914609                                                                                                        VARGAS              PATIO             JHAZMINA JUDITH               1          000          000          000          000          000          000          000          000          000          000          000          000          000          000          000          000          000          000100%000%000%000%000%
200908 69872                         33700142471645                                                                                                        CHIPANA             QUISPE              CELIA                         1          000          000          000          000          000          000          000          000          000          000          000          000          000          000          000          000          000          000100%000%000%000%000%
200908 69872                         33900101211736                                                                                                        MAMANI              JARRO               FRANCISCO                     1         1924          000          000          000          000          000          000          000          000          000          000          000          000          000          000          000          000          000100%000%000%000%000%
200908 69872                         34000100417841                                                                                                        PEREZ               GOMEZ               NORAH JESUS                   1          000          000          000          000          000          000          000          000          000          000          000          000          000          000          000          000          000          000100%000%000%000%000%
200908 69872                         34200100495401                                                                                                        HUARINO             PACSI               ROSA AGUSTINA                 1         1016          000          000          000          000          000          000          000          000          000          000          000          000          000          000          000          000          000100%000%000%000%000%
200908 69872                         35000144207147                                                                                                        OVIEDO              SUAREZ              ANGELA MARIA                  1          000          000          000          000          000          000          000          000          000          000          000          000          000          000          000          000          000          000100%000%000%000%000%
200908 69872                         35100104622189                                                                                                        ROMERO              CHUQUIMIA DE TAPIA  MARGARITA SERGIA              1          000          000          000          000          000          000          000          000          000          000          000          000          000          000          000          000          000          000100%000%000%000%000%
200908 69872                         35200100431750                                                                                                        APAZA               DE MAMANI           SATURNINA                     1          000          000          000          000          000          000          000          000          000          000          000          000          000          000          000          000          000          000100%000%000%000%000%
200908 69872                         35300143212187                                                                                                        CERVANTES           MAMANI              MAURICIO                      1          000          000          000          000          000          000          000          000          000          000          000          000          000          000          000          000          000          000100%000%000%000%000%
200908 69872                         35400180458574                                                                                                        CHINO               MAMANI              OLGA                          1          000          000          000          000          000          000          000          000          000          000          000          000          000          000          000          000          000          000100%000%000%000%000%
200908 69872                         35500104749865                                                                                                        CONDORI             VALDIVIA            CARMEN DEL ROSARIO            1          000          000          000          000          000          000          000          000          000          000          000          000          000          000          000          000          000          000100%000%000%000%000%
200908 69872                         35700100435861                                                                                                        NINA                QUISPE              JUANA                         1          000          000          000          000          000          000          000          000          000          000          000          000          000          000          000          000          000          000100%000%000%000%000%
200908 69872                         35800100498848                                                                                                        MENDOZA             MENDOZA             GENARO                        1          000          000          000          000          000          000          000          000          000          000          000          000          000          000          000          000          000          000100%000%000%000%000%
200908 69872                         36000100425723                                                                                                        PONCE               PONCE               EUGENIO LUZGARDO              1          000          000          000          000          000          000          000          000          000          000          000          000          000          000          000          000          000          000100%000%000%000%000%
200908 69872                         36100100683768                                                                                                        TICONA              CALIZAYA            JUANA                         1          000          000          000          000          000          000          000          000          000          000          000          000          000          000          000          000          000          000100%000%000%000%000%
200908 69872                         36200125640039                                                                                                        VALENCIA            PERALTA             JHONY                         1          000          000          000          000          000          000          000          000          000          000          000          000          000          000          000          000          000          000100%000%000%000%000%
200908 69872                         36800100441431                                                                                                        MAMANI              DE FLORES           MARIA                         1          000          000          000          000          000          000          000          000          000          000          000          000          000          000          000          000          000          000100%000%000%000%000%
