200907 69872              2400000000002600100790164                                                                                                        QUISPE              CAPA                EVANGELINA                    1        24415          000          000        24415          000          000          000          000          000          000          000          000          000          000          000          000          000          000000%000%000%000%100%
200907 69872              4200000000004600100442693                                                                                                        MAMANI              FLORES              CESAR ARMANDO                 1        30144          000          000        30144          000          000          000          000          000          000          000          000          000          000          000          000          000          000000%000%000%000%100%
200907 69872              4800000000005200145115769                                                                                                        LAYME               CHAMBILLA           SONIA                         1        11613          000          000        11613          000          000          000          000          000          000          000          000          000          000          000          000          000          000000%000%000%000%100%
200907 69872             11300000000010900144985843                                                                                                        RAMOS               CALDERON            NORMA                         1        14788          000          000        14788          000          000          000          000          000          000          000          000          000          000          000          000          000          000000%000%000%000%100%
200907 69872             14700000000004200100434861                                                                                                        VANEGAS             APAZA               EUSEBIA                       1        40693          000          000        40693          000          000          000          000          000          000          000          000          000          000          000          000          000          000000%000%000%000%100%
200907 69872             15500000000002000180296024                                                                                                        MAMANI              NINA                LEONOR YRIS                   1        30019          000          000        30019          000          000          000          000          000          000          000          000          000          000          000          000          000          000000%000%000%000%100%
200907 69872             16200000000008500145170742                                                                                                        MIRANDA             ALIAGA              ABEL WILFREDO                 1        44084          000          000        44084          000          000          000          000          000          000          000          000          000          000          000          000          000          000000%000%000%000%100%
200907 69872             16500000000005100145116990                                                                                                        MAMANI              GUERRERO            MELISSA EVELYN                1        64429          000          000        64429          000          000          000          000          000          000          000          000          000          000          000          000          000          000000%000%000%028%072%
200907 69872             21500000000006600100506176                                                                                                        COTRADO             RAMOS               SUSANA                        1        14301          000          000        14301          000          000          000          000          000          000          000          000          000          000          000          000          000          000000%000%100%000%000%
200907 69872             28000000000019000100438449                                                                                                        PARI                DE HUALPA           CASIMIRA                      1         8859          000          000         8859          000          000          000          000          000          000          000          000          000          000          000          000          000          000000%000%000%100%000%
200907 69872             28300000000001900100473935                                                                                                        PALACIOS            PIMENTEL            CARMEN ROSA                   1        59252          000        17043        42209          000          000          000          000          000          000          000          000          000          000          000          000          000          000029%030%032%009%000%
200907 69872             29000000000014500100508938                                                                                                        MAMANI              DE ROBLES           MARTINA                       1        42146          000          000        42146          000          000          000          000          000          000          000          000          000          000          000          000          000          000000%000%000%066%034%
200907 69872             29400000000005800142374713                                                                                                        MAMANI              LARICO              GLADYS BERTHA                 1        18197          000          000        18197          000          000          000          000          000          000          000          000          000          000          000          000          000          000000%000%000%076%024%
200907 69872             31000000000014600100447876                                                                                                        CALUMANI            QUISPE              VICENTE                       1        61043          000          000        61043          000          000          000          000          000          000          000          000          000          000          000          000          000          000000%000%036%064%000%
200907 69872             34000000000001900100473935                                                                                                        PALACIOS            PIMENTEL            CARMEN ROSA                   1        34679          000          000        34679          000          000          000          000          000          000          000          000          000          000          000          000          000          000000%028%037%032%003%
200907 69872             35300000000023100100469859                                                                                                        PAREDES             CUSACANI            MARIA ELENA                   1         8865          000          000         8865          000          000          000          000          000          000          000          000          000          000          000          000          000          000000%000%100%000%000%
200907 69872             36100000000001106142328819                                                                                                        MAMANI              LUQUE               CARLOS FREDY                  1        29019          000          000        29019          000          000          000          000          000          000          000          000          000          000          000          000          000          000000%000%029%071%000%
200907 69872             36600000000002706100443765                                                                                                        CALDERON            CARAZAS             KARINA                        1        26201          000          000        26201          000          000          000          000          000          000          000          000          000          000          000          000          000          000000%000%061%039%000%
200907 69872             36700000000000506180006770                                                                                                        MENDOZA             SOLORZANO           VIVIANA HAYDE                 1         1972          000          000         1972          000          000          000          000          000          000          000          000          000          000          000          000          000          000100%000%000%000%000%
200907 69872             37600000000001400100508593                                                                                                        LIMACHI             CHUCUYA             LIDIA LOURDES                 1        41787          000        12082        29705          000          000          000          000          000          000          000          000          000          000          000          000          000          000029%030%030%011%000%
200907 69872             39200000000015000144723190                                                                                                        QUISPE              PALOMINO            JULIO CESAR                   1         6408          000          000         6408          000          000          000          000          000          000          000          000          000          000          000          000          000          000000%000%100%000%000%
200907 69872             40200000000012400129214083                                                                                                        PAUCAR              ARCE                MIRIAN                        1        13570          000         8513         5057          000          000          000          000          000          000          000          000          000          000          000          000          000          000063%037%000%000%000%
200907 69872             42600000000019106140533845                                                                                                        HUALLPA             PARI                NOEMI REBECA                  1        14760          000          000        14760          000          000          000          000          000          000          000          000          000          000          000          000          000          000000%000%100%000%000%
200907 69872             43300000000004306100409593                                                                                                        MAMANI              AYCA                LOURDES GUILLERMINA           1         3862          000         2898          964          000          000          000          000          000          000          000          000          000          000          000          000          000          000075%025%000%000%000%
200907 69872             45100000000006000100793874                                                                                                        GUTIERREZ           GAURACHI            JUAN ADOLFO                   1        59108          000         2240        56868          000          000          000          000          000          000          000          000          000          000          000          000          000          000004%072%024%000%000%
200907 69872             46700000000008906100518327                                                                                                        MAMANI              QUISPE              ALBERTO                       1         4656          000          000         4656          000          000          000          000          000          000          000          000          000          000          000          000          000          000000%000%100%000%000%
200907 69872             47800000000007400145827632                                                                                                        ARRIAGA             DEL CARPIO          RODRIGO PERCY                 1       100019          000        25282        74737          000          000          000          000          000          000          000          000          000          000          000          000          000          000025%053%022%000%000%
200907 69872             48600000000015906116007240                                                                                                        COLAN               CORTEZ              JUAN OSCAR                    1       114860          000          000       114860          000          000          000          000          000          000          000          000          000          000          000          000          000          000000%049%047%004%000%
200907 69872             51800000000023306109825920                                                                                                        ARAMBURU            OLIVERA             FRIDA                         1        31226          000          000        31226          000          000          000          000          000          000          000          000          000          000          000          000          000          000000%042%058%000%000%
200907 69872             54000000000024306106056023                                                                                                        GABANCHO            RAMIREZ             SERGIO SEVERO                 1        12654          000          000        12654          000          000          000          000          000          000          000          000          000          000          000          000          000          000000%100%000%000%000%
200907 69872             55200000000011800100796159                                                                                                        CALCINA             YTO                 JOSE ANTONIO                  1         9195          000         8655          540          000          000          000          000          000          000          000          000          000          000          000          000          000          000100%000%000%000%000%
200907 69872             55400000000007600100482957                                                                                                        HUALLPA             CHOQUECOTA          CAYETANA                      1        46571          000        21941        24630          000          000          000          000          000          000          000          000          000          000          000          000          000          000048%047%005%000%000%
200907 69872             55800000000005706105292246                                                                                                        ARMAS               VELA                ROCIO DEL PILAR               1        42226          000        23129        19097          000          000          000          000          000          000          000          000          000          000          000          000          000          000055%045%000%000%000%
200907 69872             57300000000022800180221679                                                                                                        TORRES              CUSACANI            FREDY LUCIO                   1        60001          000          000        60001          000          000          000          000          000          000          000          000          000          000          000          000          000          000000%061%039%000%000%
200907 69872             57900000000011600140850879                                                                                                        JALANOCA            QUISPE              NELIDA                        1        12212          000        12212          000          000          000          000          000          000          000          000          000          000          000          000          000          000          000100%000%000%000%000%
200907 69872             60700000000024800100439467                                                                                                        CHAMBILLA           CARDENAS            FLORA CELESTINA               1        23641          000        14374         9267          000          000          000          000          000          000          000          000          000          000          000          000          000          000061%039%000%000%000%
200907 69872             61300000000002300142941115                                                                                                        CHAPARRO            HUAYNA              PACIANA SOLEDAD               1        16770          000        11561         5209          000          000          000          000          000          000          000          000          000          000          000          000          000          000072%028%000%000%000%
200907 69872             62700000000009200100462069                                                                                                        CCONDORI            TINTAYA             CELESTINA                     1         9414          000         9414          000          000          000          000          000          000          000          000          000          000          000          000          000          000          000100%000%000%000%000%
200907 69872             62900000000020700100518281                                                                                                        GUTIERREZ           ACUÑA              DAVID                         1         2955          000          000         2955          000          000          000          000          000          000          000          000          000          000          000          000          000          000100%000%000%000%000%
200907 69872             63700000000007100107518227                                                                                                        LORA                LEGUIA              JUAN JOSE                     1        15653          000         5212        10441          000          000          000          000          000          000          000          000          000          000          000          000          000          000033%067%000%000%000%
200907 69872             64200000000025500104640352                                                                                                        MAZUELOS            SANCHEZ             LUIS ALBERTO                  1          962          000          000          962          000          000          000          000          000          000          000          000          000          000          000          000          000          000100%000%000%000%000%
200907 69872             65600000000004700100213643                                                                                                        ROMERO              SIHUAYRO            AMELIA                        1         1680          000          000         1680          000          000          000          000          000          000          000          000          000          000          000          000          000          000100%000%000%000%000%
200907 69872             66500000000012200100403265                                                                                                        VILLANUEVA          TAPIA               NICOLAS TOMAS                 1         4057          000          000         4057          000          000          000          000          000          000          000          000          000          000          000          000          000          000100%000%000%000%000%
200907 69872             66800000000028300140859277                                                                                                        MAMANI              QUISPE              LEONEL NESTOR                 1         4329          000         2827         1502          000          000          000          000          000          000          000          000          000          000          000          000          000          000100%000%000%000%000%
200907 69872             67200000000025800100446647                                                                                                        VALERIANO           TICONA              EUDES OSCAR                   1         1240          000          000         1240          000          000          000          000          000          000          000          000          000          000          000          000          000          000100%000%000%000%000%
200907 69872             67500000000023900101297037                                                                                                        RODRIGUEZ           YAHUA               RONY ALBERTO                  1         4836          000         2265         2571          000          000          000          000          000          000          000          000          000          000          000          000          000          000100%000%000%000%000%
200907 69872             67800000000024000100478018                                                                                                        URCUHUARANGA        POZO                VICTOR MANUEL                 1         2143          000          000         2143          000          000          000          000          000          000          000          000          000          000          000          000          000          000100%000%000%000%000%
200907 69872             68300000000022700100445970                                                                                                        ORTIZ               ORTEGA              LOURDES ELBA                  1        23646          000        21855         1791          000          000          000          000          000          000          000          000          000          000          000          000          000          000100%000%000%000%000%
200907 69872             68400000000003000141525941                                                                                                        PILCO               MELENDEZ            ORIANA DELMA                  1         9537          000         8116         1421          000          000          000          000          000          000          000          000          000          000          000          000          000          000100%000%000%000%000%
200907 69872             69000000000022900142955618                                                                                                        HALANOCCA           VILLAFUERTE         JESSICA IMELDA                1         7125          000         7125          000          000          000          000          000          000          000          000          000          000          000          000          000          000          000100%000%000%000%000%
200907 69872             69300000000015600142418745                                                                                                        LAURA               TARQUI              IRENE                         1         3586          000          000         3586          000          000          000          000          000          000          000          000          000          000          000          000          000          000100%000%000%000%000%
200907 69872             69500000000018700100492970                                                                                                        ALLAZO              VARGAS              ROCIO TERESA                  1         1067          000          000         1067          000          000          000          000          000          000          000          000          000          000          000          000          000          000100%000%000%000%000%
200907 69872             69600000000020800180031332                                                                                                        LOPEZ               ARANGO              ANA                           1        35701          000        31238         4463          000          000          000          000          000          000          000          000          000          000          000          000          000          000100%000%000%000%000%
200907 69872             69700000000020300141051958                                                                                                        LLANOS              HUANACUNE           ELIZABETH CIRIA               1        24353          000        22622         1731          000          000          000          000          000          000          000          000          000          000          000          000          000          000100%000%000%000%000%
200907 69872             69800000000014100129659989                                                                                                        QUISPE              ALAVE               MARIA                         1         1433          000          000         1433          000          000          000          000          000          000          000          000          000          000          000          000          000          000100%000%000%000%000%
200907 69872             69900000000028800100520875                                                                                                        QUISPE              QUISPE              HILARIO                       1         1074          000          000         1074          000          000          000          000          000          000          000          000          000          000          000          000          000          000100%000%000%000%000%
200907 69872             70000000000020400143137682                                                                                                        COTRADO             AGUILAR             JHONY                         1        24208          000        22417         1791          000          000          000          000          000          000          000          000          000          000          000          000          000          000100%000%000%000%000%
200907 69872             70200000000023600110465779                                                                                                        IRCAÑAUPA          QUISPE              JUANA LUISA                   1         2148          000          000         2148          000          000          000          000          000          000          000          000          000          000          000          000          000          000100%000%000%000%000%
200907 69872             70300000000007300100485628                                                                                                        VARGAS              DE ESCOBAR          FLORIANA                      1         2131          000          000         2131          000          000          000          000          000          000          000          000          000          000          000          000          000          000100%000%000%000%000%
200907 69872             70400000000013700100498596                                                                                                        LAURA               QUISPE              LOURDES MARISOL               1        23551          000        21323         2228          000          000          000          000          000          000          000          000          000          000          000          000          000          000100%000%000%000%000%
200907 69872             70600000000029000100469200                                                                                                        MAMANI              CHURACUTIPA         CATALINA                      1         2634          000          000         2634          000          000          000          000          000          000          000          000          000          000          000          000          000          000100%000%000%000%000%
200907 69872             70800000000013100100443790                                                                                                        HUARICALLO          CHAMBILLA           JACQUELINE LORENA             1         2761          000         1206         1555          000          000          000          000          000          000          000          000          000          000          000          000          000          000100%000%000%000%000%
200907 69872             70900000000029200140847366                                                                                                        VILLANUEVA          RODRIGUEZ           SANTIAGO HERMENEGILDO         1        13140          000        11901         1239          000          000          000          000          000          000          000          000          000          000          000          000          000          000100%000%000%000%000%
200907 69872             71400000000011400108856681                                                                                                        GALLEGOS            CACERES VDA DE HUAMAELISA                         1         5565          000         4154         1411          000          000          000          000          000          000          000          000          000          000          000          000          000          000100%000%000%000%000%
200907 69872             71600000000021400128266403                                                                                                        FERNANDEZ           HUARIPOMA           HUGO EDMUNDO                  1         6361          000         4693         1668          000          000          000          000          000          000          000          000          000          000          000          000          000          000100%000%000%000%000%
200907 69872             72000000000029400140768483                                                                                                        QUISPE              PACO                YESENIA ANGELA                1         4856          000         3849         1007          000          000          000          000          000          000          000          000          000          000          000          000          000          000100%000%000%000%000%
200907 69872             72400000000009412100522347                                                                                                        CHURA               TRUJILLO            JUAN                          1         3524          000          000         3524          000          000          000          000          000          000          000          000          000          000          000          000          000          000100%000%000%000%000%
200907 69872             72800000000005600129348899                                                                                                        GUTIERREZ           DIAZ                LUZ MARINA                    1         6804          000         3307         3497          000          000          000          000          000          000          000          000          000          000          000          000          000          000100%000%000%000%000%
200907 69872             72900000000029600100464693                                                                                                        NINA                NINAJA              MARIO                         1         1748          000          000         1748          000          000          000          000          000          000          000          000          000          000          000          000          000          000100%000%000%000%000%
200907 69872             73000000000020500100520879                                                                                                        HUANACUNE           FLORES              CIRIA BENTURA                 1        14044          000        12996         1048          000          000          000          000          000          000          000          000          000          000          000          000          000          000100%000%000%000%000%
200907 69872             73400000000029700141051700                                                                                                        MAQUERA             QUISPE              MARITZA ROXANA                1         1748          000          000         1748          000          000          000          000          000          000          000          000          000          000          000          000          000          000100%000%000%000%000%
200907 69872             73500000000010000100470272                                                                                                        JOAQUIN             CALIZAYA            BENILDA MODESTA               1         2061          000          000         2061          000          000          000          000          000          000          000          000          000          000          000          000          000          000100%000%000%000%000%
200907 69872             73700000000023812142685563                                                                                                        CHIPANA             PUCHO               ANA MARIA                     1         1150          000          000         1150          000          000          000          000          000          000          000          000          000          000          000          000          000          000100%000%000%000%000%
200907 69872             73900000000026500100412713                                                                                                        MOSTAJO             ZIRENA              MARIA FANNY                   1          871          000          000          871          000          000          000          000          000          000          000          000          000          000          000          000          000          000100%000%000%000%000%
200907 69872             74300000000025200100793547                                                                                                        LLICLLA             CHAMBILLA           JULIO RAMON                   1         2589          000          000         2589          000          000          000          000          000          000          000          000          000          000          000          000          000          000100%000%000%000%000%
200907 69872             74400000000016000119836760                                                                                                        ESPINOZA            GASPAR              JULIANA                       1         1485          000          000         1485          000          000          000          000          000          000          000          000          000          000          000          000          000          000100%000%000%000%000%
200907 69872             74500000000017300100664535                                                                                                        FLORES              SANCA DE PACCI      MARTINA                       1         3659          000         1727         1932          000          000          000          000          000          000          000          000          000          000          000          000          000          000100%000%000%000%000%
200907 69872             74900000000003200100497207                                                                                                        HUALLPA             ACHO                DOROTEA                       1         2328          000          000         2328          000          000          000          000          000          000          000          000          000          000          000          000          000          000100%000%000%000%000%
200907 69872             75000000000030900180335768                                                                                                        PRADO               PEREZ               GEORGE JULIO                  1         1738          000          000         1738          000          000          000          000          000          000          000          000          000          000          000          000          000          000100%000%000%000%000%
200907 69872             75100000000000100102702588                                                                                                        LOPEZ               MORANTE             SEGUNDO WILFREDO              1         3337          000         1599         1738          000          000          000          000          000          000          000          000          000          000          000          000          000          000100%000%000%000%000%
200907 69872             75400000000021012100484633                                                                                                        INCACUTIPA          JINEZ               ELENA                         1         1832          000          000         1832          000          000          000          000          000          000          000          000          000          000          000          000          000          000100%000%000%000%000%
200907 69872             75500000000026612143982361                                                                                                        PEDRAZA             ARPASI              DANITZA                       1         2001          000          959         1042          000          000          000          000          000          000          000          000          000          000          000          000          000          000100%000%000%000%000%
200907 69872             75600000000000300103693127                                                                                                        HIDALGO             HUIMAN              LUZ ANGELICA                  1         3298          000         1575         1723          000          000          000          000          000          000          000          000          000          000          000          000          000          000100%000%000%000%000%
200907 69872             75700000000017412180296657                                                                                                        OROCOLLO            PARILLO             CESAR                         1         6883          000         5040         1843          000          000          000          000          000          000          000          000          000          000          000          000          000          000100%000%000%000%000%
200907 69872             75800000000014700100796029                                                                                                        COLQUE              FLORES              JOSE CARMEN                   1         2757          000          000         2757          000          000          000          000          000          000          000          000          000          000          000          000          000          000100%000%000%000%000%
200907 69872             75900000000006700100493056                                                                                                        PALACIOS            SARMIENTO           ELFREN ANTONIO                1         9837          000         7271         2566          000          000          000          000          000          000          000          000          000          000          000          000          000          000100%000%000%000%000%
200907 69872             76000000000031200100423760                                                                                                        CONDE               DE QUISPE           PAULA                         1         6564          000         3122         3442          000          000          000          000          000          000          000          000          000          000          000          000          000          000100%000%000%000%000%
200907 69872             76100000000020612100512556                                                                                                        MEDEROS             RODRIGUEZ           MILKO RONALD                  1         2939          000          000         2939          000          000          000          000          000          000          000          000          000          000          000          000          000          000100%000%000%000%000%
200907 69872             76200000000015700100438410                                                                                                        CORDOVA             JIMENEZ             GUILLERMINA                   1         1134          000          000         1134          000          000          000          000          000          000          000          000          000          000          000          000          000          000100%000%000%000%000%
200907 69872             76300000000031300100438341                                                                                                        COAQUIRA            MAMANI              FELIX                         1          860          000          000          860          000          000          000          000          000          000          000          000          000          000          000          000          000          000100%000%000%000%000%
200907 69872             76400000000026300100492028                                                                                                        CARDENAS            AMEZQUITA           GABRIEL RAMIRO                1         6435          000         3117         3318          000          000          000          000          000          000          000          000          000          000          000          000          000          000100%000%000%000%000%
200907 69872             76500000000027012100511190                                                                                                        VILLANUEVA CORNEJO  -                   MAIA VALENTINA                1         1205          000          000         1205          000          000          000          000          000          000          000          000          000          000          000          000          000          000100%000%000%000%000%
200907 69872             76700000000018612100441534                                                                                                        OSACANE             HUANACUNE           ANDRES                        1         1428          000          000         1428          000          000          000          000          000          000          000          000          000          000          000          000          000          000100%000%000%000%000%
200907 69872             76800000000027412100488678                                                                                                        BARDALES            RODRIGUEZ           GARIN ALBERTO                 1         1375          000          000         1375          000          000          000          000          000          000          000          000          000          000          000          000          000          000100%000%000%000%000%
200907 69872             77000000000015812100488959                                                                                                        TACORA              PARI                ASELA NORMA                   1        12079          000        10017         2062          000          000          000          000          000          000          000          000          000          000          000          000          000          000100%000%000%000%000%
200907 69872             77100000000012700100440232                                                                                                        MAQUERA             LLANOS              TEODORO                       1         3040          000          000         3040          000          000          000          000          000          000          000          000          000          000          000          000          000          000100%000%000%000%000%
200907 69872             77200000000002100142379575                                                                                                        CHANINI             CALDERON            MARIA MERCEDES                1         2895          000          000         2895          000          000          000          000          000          000          000          000          000          000          000          000          000          000100%000%000%000%000%
200907 69872             77500000000028400100444409                                                                                                        HUANACUNE           FRAQUITA            JAVIER OSCAR                  1         2574          000          000         2574          000          000          000          000          000          000          000          000          000          000          000          000          000          000100%000%000%000%000%
200907 69872             77600000000019300144794109                                                                                                        APAZA               CUELA               LUIS ALBERTO                  1         3761          000         1841         1920          000          000          000          000          000          000          000          000          000          000          000          000          000          000100%000%000%000%000%
200907 69872             77700000000018212100460467                                                                                                        MAITA               DE NOGUERA          ROSA ROSALIA                  1         6501          000         3069         3432          000          000          000          000          000          000          000          000          000          000          000          000          000          000100%000%000%000%000%
200907 69872             77800000000017100100505455                                                                                                        CHOQUEÑA           ORDOÑES            CARLOS ALBERTO                1         5202          000         2456         2746          000          000          000          000          000          000          000          000          000          000          000          000          000          000100%000%000%000%000%
200907 69872             77900000000014212100433670                                                                                                        CHURA               MAMANI              ELOY ISSAC                    1        23970          000        17652         6318          000          000          000          000          000          000          000          000          000          000          000          000          000          000100%000%000%000%000%
200907 69872             78000000000004400100495093                                                                                                        VELASQUE            AMADO               CLARA                         1         3303          000          000         3303          000          000          000          000          000          000          000          000          000          000          000          000          000          000100%000%000%000%000%
200907 69872             78100000000020100100422116                                                                                                        TURPO               CONDORI             VICENTE DIONICIO              1         1652          000          000         1652          000          000          000          000          000          000          000          000          000          000          000          000          000          000100%000%000%000%000%
200907 69872             78200000000014800143800687                                                                                                        COLLADO             PARI                JUAN JOSE                     1         3801          000         1752         2049          000          000          000          000          000          000          000          000          000          000          000          000          000          000100%000%000%000%000%
200907 69872             78300000000001200100420188                                                                                                        PARI                DELGADO             JUAN JORGE                    1        10368          000          000        10368          000          000          000          000          000          000          000          000          000          000          000          000          000          000100%000%000%000%000%
200907 69872             78400000000000300103693127                                                                                                        HIDALGO             HUIMAN              LUZ ANGELICA                  1         9598          000         4496         5102          000          000          000          000          000          000          000          000          000          000          000          000          000          000100%000%000%000%000%
200907 69872             78600000000016100100412810                                                                                                        MELENDEZ            SALMON              CESAR OMAR                    1         8172          000         5761         2411          000          000          000          000          000          000          000          000          000          000          000          000          000          000100%000%000%000%000%
200907 69872             78800000000022000144845380                                                                                                        NOGUERA             MAYTA               ELSA AIDE                     1         9992          000         8650         1342          000          000          000          000          000          000          000          000          000          000          000          000          000          000100%000%000%000%000%
200907 69872             78900000000006400100505849                                                                                                        SEVARIO             ANQUISE             LIDIA                         1         2526          000          000         2526          000          000          000          000          000          000          000          000          000          000          000          000          000          000100%000%000%000%000%
200907 69872             79000000000009900145362212                                                                                                        VARGAS              ESPINOZA            NOHELY CONNY                  1         9743          000         6347         3396          000          000          000          000          000          000          000          000          000          000          000          000          000          000100%000%000%000%000%
200907 69872             79100000000024900100791391                                                                                                        ATENCIO             CCACASACA           ANTONIO                       1         1564          000          000         1564          000          000          000          000          000          000          000          000          000          000          000          000          000          000100%000%000%000%000%
200907 69872             79200000000031500143149115                                                                                                        CAPIA               TICONA              RUYER ELOY                    1         2824          000         1814         1010          000          000          000          000          000          000          000          000          000          000          000          000          000          000100%000%000%000%000%
200907 69872             79300000000031600123854375                                                                                                        GAMIO               MONTESINOS          BORIS ALEXANDER               1         1185          000          000         1185          000          000          000          000          000          000          000          000          000          000          000          000          000          000100%000%000%000%000%
200907 69872             79500000000027200141952404                                                                                                        GUTIERREZ           GARCIA              WALTER VICTOR                 1         3620          000         1604         2016          000          000          000          000          000          000          000          000          000          000          000          000          000          000100%000%000%000%000%
200907 69872             79600000000017012100497947                                                                                                        MEDINA              GUZMAN              EDWARD RENE                   1         3538          000         1530         2008          000          000          000          000          000          000          000          000          000          000          000          000          000          000100%000%000%000%000%
200907 69872             79700000000019812100447375                                                                                                        DAMIAN              CHINO               CESAR                         1         3152          000         1459         1693          000          000          000          000          000          000          000          000          000          000          000          000          000          000100%000%000%000%000%
200907 69872             79800000000002400110249686                                                                                                        LOPEZ               ESPINOZA            LUIS ANTONIO                  1         3388          000          000         3388          000          000          000          000          000          000          000          000          000          000          000          000          000          000100%000%000%000%000%
200907 69872             79900000000010612101810448                                                                                                        TARQUI              DE LAURA            AUDIA                         1         2201          000          000         2201          000          000          000          000          000          000          000          000          000          000          000          000          000          000100%000%000%000%000%
200907 69872             80300000000000100102702588                                                                                                        LOPEZ               MORANTE             SEGUNDO WILFREDO              1        12551          000         5785         6766          000          000          000          000          000          000          000          000          000          000          000          000          000          000100%000%000%000%000%
200907 69872             80400000000001500144795011                                                                                                        LOPEZ               HIDALGO             JONATHAN ARTHUR               1         7532          000         3472         4060          000          000          000          000          000          000          000          000          000          000          000          000          000          000100%000%000%000%000%
200907 69872             80500000000010100100491108                                                                                                        GUTIERREZ           FIGUEROA            GABRIEL                       1         5819          000         3703         2116          000          000          000          000          000          000          000          000          000          000          000          000          000          000100%000%000%000%000%
200907 69872             80600000000005500140195169                                                                                                        COAQUIRA            TICONA              VILMA                         1         3395          000          000         3395          000          000          000          000          000          000          000          000          000          000          000          000          000          000100%000%000%000%000%
200907 69872             80700000000020212100488130                                                                                                        FLORES              CLEMENTE            ADOLFO                        1         3102          000         1424         1678          000          000          000          000          000          000          000          000          000          000          000          000          000          000100%000%000%000%000%
200907 69872             80800000000017600100520926                                                                                                        MAMANI              MAMANI              DEMETRIO                      1         1007          000          000         1007          000          000          000          000          000          000          000          000          000          000          000          000          000          000100%000%000%000%000%
200907 69872             80900000000013300106667503                                                                                                        ESTEVEZ             FUENTES             PERCY YVAN                    1         1768          000          000         1768          000          000          000          000          000          000          000          000          000          000          000          000          000          000100%000%000%000%000%
200907 69872             81000000000017700100797439                                                                                                        GUTIERREZ           VILCA               ESMELDA JUANA                 1         6313          000         3014         3299          000          000          000          000          000          000          000          000          000          000          000          000          000          000100%000%000%000%000%
200907 69872             81100000000028612100517658                                                                                                        CHAMBILLA           HUANACUNE           YANETT MARTINA                1         1175          000          000         1175          000          000          000          000          000          000          000          000          000          000          000          000          000          000100%000%000%000%000%
200907 69872             81200000000000800100461228                                                                                                        RIOS                DE ALVARES          JULIA GERARDA                 1        10569          000          000        10569          000          000          000          000          000          000          000          000          000          000          000          000          000          000100%000%000%000%000%
200907 69872             81300000000008100141815635                                                                                                        QUISPE              ALAVE               SERGIO                        1         9442          000         6113         3329          000          000          000          000          000          000          000          000          000          000          000          000          000          000100%000%000%000%000%
200907 69872             81500000000006212129547982                                                                                                        CASTILLO            APAZA               OTILIA                        1        10230          000         4554         5676          000          000          000          000          000          000          000          000          000          000          000          000          000          000100%000%000%000%000%
200907 69872             81600000000000100102702588                                                                                                        LOPEZ               MORANTE             SEGUNDO WILFREDO              1         6103          000         2778         3325          000          000          000          000          000          000          000          000          000          000          000          000          000          000100%000%000%000%000%
200907 69872             81700000000027500100496727                                                                                                        SARDON              CHULA               PATRICIA SILVANA              1         4006          000          000         4006          000          000          000          000          000          000          000          000          000          000          000          000          000          000100%000%000%000%000%
200907 69872             81800000000005412100400399                                                                                                        CONDORI             RAMOS               DELFINA                       1         2172          000          000         2172          000          000          000          000          000          000          000          000          000          000          000          000          000          000100%000%000%000%000%
200907 69872             81900000000024212104436006                                                                                                        RIOS                DELGADO             FELIPA                        1         4986          000          000         4986          000          000          000          000          000          000          000          000          000          000          000          000          000          000100%000%000%000%000%
200907 69872             82000000000017012100497947                                                                                                        MEDINA              GUZMAN              EDWARD RENE                   1         1291          000          556          735          000          000          000          000          000          000          000          000          000          000          000          000          000          000100%000%000%000%000%
200907 69872             82100000000031812129561242                                                                                                        TICONA              BENDITA             FREDDY RODOLFO                1         2999          000         1353         1646          000          000          000          000          000          000          000          000          000          000          000          000          000          000100%000%000%000%000%
200907 69872             82300000000016700146537043                                                                                                        FLORES              LLANOS              WILLIAM FELIX                 1         3173          000          000         3173          000          000          000          000          000          000          000          000          000          000          000          000          000          000100%000%000%000%000%
200907 69872             82400000000013012100474973                                                                                                        ARIAS               TEJADA              GERMAN SULPICIO               1         1245          000          000         1245          000          000          000          000          000          000          000          000          000          000          000          000          000          000100%000%000%000%000%
200907 69872             82600000000028100100497513                                                                                                        ALFEREZ             ARANCIBIA           ANTONIO MARTIN                1         1976          000          000         1976          000          000          000          000          000          000          000          000          000          000          000          000          000          000100%000%000%000%000%
200907 69872             82700000000009700100509657                                                                                                        TICONA              GUZMAN              JESUS FORTUNATO               1         5570          000         2322         3248          000          000          000          000          000          000          000          000          000          000          000          000          000          000100%000%000%000%000%
200907 69872             82800000000027700101845653                                                                                                        NEIRA               CALAMANI            CARLOS                        1         1403          000          000         1403          000          000          000          000          000          000          000          000          000          000          000          000          000          000100%000%000%000%000%
200907 69872             82900000000010300129558112                                                                                                        PAREDES             RAMOS               EDWIN TIMOTEO                 1         1367          000          000         1367          000          000          000          000          000          000          000          000          000          000          000          000          000          000100%000%000%000%000%
200907 69872             83000000000016500100510186                                                                                                        CANDIA              AGUILAR             CARMEN JULIA                  1         1973          000          000         1973          000          000          000          000          000          000          000          000          000          000          000          000          000          000100%000%000%000%000%
200907 69872             83300000000032000141272890                                                                                                        MALLMA              GOMEZ               LILIA MARUJA                  1         2630          000          000         2630          000          000          000          000          000          000          000          000          000          000          000          000          000          000100%000%000%000%000%
200907 69872             83400000000001300100470882                                                                                                        ESPINOZA            CCORI               JOSE JULIO                    1         1941          000          000         1941          000          000          000          000          000          000          000          000          000          000          000          000          000          000100%000%000%000%000%
200907 69872             83500000000009300101541319                                                                                                        MAMANI              MAMANI              JULIANA                       1         3944          000          000         3944          000          000          000          000          000          000          000          000          000          000          000          000          000          000100%000%000%000%000%
200907 69872             83600000000025300100453092                                                                                                        PARI                MACHACA             SABINA DINA                   1         1492          000          652          840          000          000          000          000          000          000          000          000          000          000          000          000          000          000100%000%000%000%000%
200907 69872             83800000000024700100664596                                                                                                        CALIZAYA            MAMANI              FLAVIO ESTANISLAO             1         1780          000          796          984          000          000          000          000          000          000          000          000          000          000          000          000          000          000100%000%000%000%000%
200907 69872             83900000000013900141539917                                                                                                        FERNANDEZ           PALZA               MIGUEL ANGEL                  1         1623          000          000         1623          000          000          000          000          000          000          000          000          000          000          000          000          000          000100%000%000%000%000%
200907 69872             84000000000029012100469200                                                                                                        MAMANI              CHURACUTIPA         CATALINA                      1         1640          000          000         1640          000          000          000          000          000          000          000          000          000          000          000          000          000          000100%000%000%000%000%
200907 69872             84100000000029100129501908                                                                                                        MACHACA             LIMA                JULIO MARTIN                  1         3512          000          000         3512          000          000          000          000          000          000          000          000          000          000          000          000          000          000100%000%000%000%000%
200907 69872             84400000000000212100797926                                                                                                        GAMBOA              KOEL                DELFOR YGNACIO                1         2660          000          000         2660          000          000          000          000          000          000          000          000          000          000          000          000          000          000100%000%000%000%000%
200907 69872             84500000000019412140461886                                                                                                        PACO                FLORES              MARINA MARGARITA              1         3703          000         1721         1982          000          000          000          000          000          000          000          000          000          000          000          000          000          000100%000%000%000%000%
200907 69872             84600000000018400100491983                                                                                                        MAMANI              MENDOZA             CIRILO                        1         1185          000          000         1185          000          000          000          000          000          000          000          000          000          000          000          000          000          000100%000%000%000%000%
200907 69872             84800000000007500101327697                                                                                                        AQUISE              COLQUE              ABAD SIMEON                   1        11811          000         5258         6553          000          000          000          000          000          000          000          000          000          000          000          000          000          000100%000%000%000%000%
200907 69872             84900000000015500100479892                                                                                                        APAZA               COPAJA              ROSA                          1         3656          000          000         3656          000          000          000          000          000          000          000          000          000          000          000          000          000          000100%000%000%000%000%
200907 69872             85000000000022500100662209                                                                                                        CARDENAS            ARIAS               ANIVAL ARMANDO                1         3885          000          000         3885          000          000          000          000          000          000          000          000          000          000          000          000          000          000100%000%000%000%000%
200907 69872             85300000000001500144795011                                                                                                        LOPEZ               HIDALGO             JONATHAN ARTHUR               1         1625          000          000         1625          000          000          000          000          000          000          000          000          000          000          000          000          000          000100%000%000%000%000%
200907 69872             85400000000021100100508067                                                                                                        YUCRA               MANZANO             BEATRIZ                       1         1602          000          000         1602          000          000          000          000          000          000          000          000          000          000          000          000          000          000100%000%000%000%000%
