200908 69872                           100102702588                                                                                                        LOPEZ               MORANTE             SEGUNDO WILFREDO              1       299712          000        11565       288147          000          000          000          000          000          000          000          000          000          000          000          000          000          000100%000%000%000%000%
200908 69872                           200100797926                                                                                                        GAMBOA              KOEL                DELFOR YGNACIO                1        62771          000          000        62771          000          000          000          000          000          000          000          000          000          000          000          000          000          000100%000%000%000%000%
200908 69872                           300103693127                                                                                                        HIDALGO             HUIMAN              LUZ ANGELICA                  1       143044          000         6707       136337          000          000          000          000          000          000          000          000          000          000          000          000          000          000100%000%000%000%000%
200908 69872                           800100461228                                                                                                        RIOS                DE ALVARES          JULIA GERARDA                 1       156291          000          000       156291          000          000          000          000          000          000          000          000          000          000          000          000          000          000100%000%000%000%000%
200908 69872                          1100142328819                                                                                                        MAMANI              LUQUE               CARLOS FREDY                  1        29019          000          000        29019          000          000          000          000          000          000          000          000          000          000          000          000          000          000000%000%000%036%064%
200908 69872                          1200100420188                                                                                                        PARI                DELGADO             JUAN JORGE                    1        75420          000          000        75420          000          000          000          000          000          000          000          000          000          000          000          000          000          000100%000%000%000%000%
200908 69872                          1300100470882                                                                                                        ESPINOZA            CCORI               JOSE JULIO                    1        64761          000         4080        60681          000          000          000          000          000          000          000          000          000          000          000          000          000          000100%000%000%000%000%
200908 69872                          1400100508593                                                                                                        LIMACHI             CHUCUYA             LIDIA LOURDES                 1        62310          000        12740        49570          000          000          000          000          000          000          000          000          000          000          000          000          000          000024%024%024%022%006%
200908 69872                          1500144795011                                                                                                        LOPEZ               HIDALGO             JONATHAN ARTHUR               1       149277          000         5035       144242          000          000          000          000          000          000          000          000          000          000          000          000          000          000100%000%000%000%000%
200908 69872                          1900100473935                                                                                                        PALACIOS            PIMENTEL            CARMEN ROSA                   1       121455          000        17287       104168          000          000          000          000          000          000          000          000          000          000          000          000          000          000015%016%028%027%014%
200908 69872                          2000180296024                                                                                                        MAMANI              NINA                LEONOR YRIS                   1        30019          000          000        30019          000          000          000          000          000          000          000          000          000          000          000          000          000          000000%000%000%000%100%
200908 69872                          2300142941115                                                                                                        CHAPARRO            HUAYNA              PACIANA SOLEDAD               1       101029          000        12513        88516          000          000          000          000          000          000          000          000          000          000          000          000          000          000045%044%011%000%000%
200908 69872                          2400110249686                                                                                                        LOPEZ               ESPINOZA            LUIS ANTONIO                  1        95765          000          000        95765          000          000          000          000          000          000          000          000          000          000          000          000          000          000100%000%000%000%000%
200908 69872                          2600100790164                                                                                                        QUISPE              CAPA                EVANGELINA                    1        24415          000          000        24415          000          000          000          000          000          000          000          000          000          000          000          000          000          000000%000%000%000%100%
200908 69872                          2700100443765                                                                                                        CALDERON            CARAZAS             KARINA                        1        26201          000          000        26201          000          000          000          000          000          000          000          000          000          000          000          000          000          000000%000%000%074%026%
200908 69872                          3000141525941                                                                                                        PILCO               MELENDEZ            ORIANA DELMA                  1        17306          000        17306          000          000          000          000          000          000          000          000          000          000          000          000          000          000          000100%000%000%000%000%
200908 69872                          3200100497207                                                                                                        HUALLPA             ACHO                DOROTEA                       1        95699          000          000        95699          000          000          000          000          000          000          000          000          000          000          000          000          000          000100%000%000%000%000%
200908 69872                          3300100791974                                                                                                        LAURA               CABAYA              CARMEN ROSA                   1        18470          000          000        18470          000          000          000          000          000          000          000          000          000          000          000          000          000          000100%000%000%000%000%
200908 69872                          3600101240153                                                                                                        CUTIPA              DE MARCA            MODESTA                       1        52184          000          000        52184          000          000          000          000          000          000          000          000          000          000          000          000          000          000100%000%000%000%000%
200908 69872                          3700100432448                                                                                                        PONGO DE LAURA      --                  PAULINA DIONICIA              1        24163          000          000        24163          000          000          000          000          000          000          000          000          000          000          000          000          000          000100%000%000%000%000%
200908 69872                          4100100486605                                                                                                        LUPACA              QUISPE              FORTUNATA                     1        29842          000        25479         4363          000          000          000          000          000          000          000          000          000          000          000          000          000          000100%000%000%000%000%
200908 69872                          4200100434861                                                                                                        VANEGAS             APAZA               EUSEBIA                       1        40693          000          000        40693          000          000          000          000          000          000          000          000          000          000          000          000          000          000000%000%000%000%100%
200908 69872                          4300100409593                                                                                                        MAMANI              AYCA                LOURDES GUILLERMINA           1         7860          000          000         7860          000          000          000          000          000          000          000          000          000          000          000          000          000          000000%049%000%000%051%
200908 69872                          4400100495093                                                                                                        VELASQUE            AMADO               CLARA                         1        44354          000          000        44354          000          000          000          000          000          000          000          000          000          000          000          000          000          000100%000%000%000%000%
200908 69872                          4600100442693                                                                                                        MAMANI              FLORES              CESAR ARMANDO                 1        30144          000          000        30144          000          000          000          000          000          000          000          000          000          000          000          000          000          000000%000%000%000%100%
200908 69872                          4900141434137                                                                                                        HUALPA              MAMANI              NELLY BERTHA                  1        32303          000          000        32303          000          000          000          000          000          000          000          000          000          000          000          000          000          000100%000%000%000%000%
200908 69872                          5000100407579                                                                                                        LAQUI               LAQUI               FELISA                        1        61257          000          000        61257          000          000          000          000          000          000          000          000          000          000          000          000          000          000100%000%000%000%000%
200908 69872                          5100145116990                                                                                                        MAMANI              GUERRERO            MELISSA EVELYN                1        64429          000          000        64429          000          000          000          000          000          000          000          000          000          000          000          000          000          000000%000%000%000%100%
200908 69872                          5200145115769                                                                                                        LAYME               CHAMBILLA           SONIA                         1        11613          000          000        11613          000          000          000          000          000          000          000          000          000          000          000          000          000          000000%000%000%000%100%
200908 69872                          5400100400399                                                                                                        CONDORI             RAMOS               DELFINA                       1        51261          000          000        51261          000          000          000          000          000          000          000          000          000          000          000          000          000          000100%000%000%000%000%
200908 69872                          5500140195169                                                                                                        COAQUIRA            TICONA              VILMA                         1        83819          000          000        83819          000          000          000          000          000          000          000          000          000          000          000          000          000          000100%000%000%000%000%
200908 69872                          5700105292246                                                                                                        ARMAS               VELA                ROCIO DEL PILAR               1        42340          000        21000        21340          000          000          000          000          000          000          000          000          000          000          000          000          000          000100%000%000%000%000%
200908 69872                          5800142374713                                                                                                        MAMANI              LARICO              GLADYS BERTHA                 1        16795          000          000        16795          000          000          000          000          000          000          000          000          000          000          000          000          000          000000%000%000%000%100%
200908 69872                          5900142502780                                                                                                        TUSO                QUISPE              MARIA ISABEL                  1        67595          000          000        67595          000          000          000          000          000          000          000          000          000          000          000          000          000          000100%000%000%000%000%
200908 69872                          6000100793874                                                                                                        GUTIERREZ           GAURACHI            JUAN ADOLFO                   1        59108          000          000        59108          000          000          000          000          000          000          000          000          000          000          000          000          000          000000%011%075%014%000%
200908 69872                          6200129547982                                                                                                        CASTILLO            APAZA               OTILIA                        1       145865          000        79499        66366          000          000          000          000          000          000          000          000          000          000          000          000          000          000100%000%000%000%000%
200908 69872                          6300100453681                                                                                                        ONTIVEROS           DE YUCRA            ELBA BRUNILDA                 1        80075          000          000        80075          000          000          000          000          000          000          000          000          000          000          000          000          000          000100%000%000%000%000%
200908 69872                          6400100505849                                                                                                        SEVARIO             ANQUISE             LIDIA                         1        26838          000          000        26838          000          000          000          000          000          000          000          000          000          000          000          000          000          000100%000%000%000%000%
200908 69872                          6500100491667                                                                                                        CENTON              ALAVE               ANA MARIA                     1        16163          000         4941        11222          000          000          000          000          000          000          000          000          000          000          000          000          000          000100%000%000%000%000%
200908 69872                          6600100506176                                                                                                        COTRADO             RAMOS               SUSANA                        1         2769          000          000         2769          000          000          000          000          000          000          000          000          000          000          000          000          000          000000%000%000%100%000%
200908 69872                          6700100493056                                                                                                        PALACIOS            SARMIENTO           ELFREN ANTONIO                1        90849          000        26174        64675          000          000          000          000          000          000          000          000          000          000          000          000          000          000100%000%000%000%000%
200908 69872                          6800100442157                                                                                                        PARI                MENA                FELIX ISAIAS                  1        18961          000          000        18961          000          000          000          000          000          000          000          000          000          000          000          000          000          000100%000%000%000%000%
200908 69872                          7100107518227                                                                                                        LORA                LEGUIA              JUAN JOSE                     1        15653          000          000        15653          000          000          000          000          000          000          000          000          000          000          000          000          000          000000%100%000%000%000%
200908 69872                          7300100485628                                                                                                        VARGAS              DE ESCOBAR          FLORIANA                      1        84080          000         2209        81871          000          000          000          000          000          000          000          000          000          000          000          000          000          000100%000%000%000%000%
200908 69872                          7400145827632                                                                                                        ARRIAGA             DEL CARPIO          RODRIGO PERCY                 1       100019          000          000       100019          000          000          000          000          000          000          000          000          000          000          000          000          000          000000%031%054%015%000%
200908 69872                          7500101327697                                                                                                        AQUISE              COLQUE              ABAD SIMEON                   1       168403          000        91783        76620          000          000          000          000          000          000          000          000          000          000          000          000          000          000100%000%000%000%000%
200908 69872                          7600100482957                                                                                                        HUALLPA             CHOQUECOTA          CAYETANA                      1        42937          000         6102        36835          000          000          000          000          000          000          000          000          000          000          000          000          000          000014%054%032%000%000%
200908 69872                          7700145401834                                                                                                        LIMA                HUANACUNI           RUBEN ANTHONY                 1        29822          000          000        29822          000          000          000          000          000          000          000          000          000          000          000          000          000          000100%000%000%000%000%
200908 69872                          7800145943887                                                                                                        TURPO               CHALCO              PAMELA MILAGROS               1        19471          000          000        19471          000          000          000          000          000          000          000          000          000          000          000          000          000          000100%000%000%000%000%
200908 69872                          8100141815635                                                                                                        QUISPE              ALAVE               SERGIO                        1        21119          000         3511        17608          000          000          000          000          000          000          000          000          000          000          000          000          000          000100%000%000%000%000%
200908 69872                          8200144351570                                                                                                        LAURA               TARQUI              URSULA                        1        93565          000          000        93565          000          000          000          000          000          000          000          000          000          000          000          000          000          000100%000%000%000%000%
200908 69872                          8500145170742                                                                                                        MIRANDA             ALIAGA              ABEL WILFREDO                 1        44084          000          000        44084          000          000          000          000          000          000          000          000          000          000          000          000          000          000000%000%000%000%100%
200908 69872                          8600101221648                                                                                                        PACOMPIA            FLORES              JOSE                          1        25347          000          000        25347          000          000          000          000          000          000          000          000          000          000          000          000          000          000100%000%000%000%000%
200908 69872                          9200100462069                                                                                                        CCONCORI            TINTAYA             CELESTINA                     1         4759          000          000         4759          000          000          000          000          000          000          000          000          000          000          000          000          000          000000%100%000%000%000%
200908 69872                          9300101541319                                                                                                        MAMANI              MAMANI              JULIANA                       1       140238          000          000       140238          000          000          000          000          000          000          000          000          000          000          000          000          000          000100%000%000%000%000%
200908 69872                          9400100522347                                                                                                        CHURA               TRUJILLO            JUAN                          1        62097          000          000        62097          000          000          000          000          000          000          000          000          000          000          000          000          000          000100%000%000%000%000%
200908 69872                          9700100509657                                                                                                        TICONA              GUZMAN              JESUS FORTUNATO               1       184008          000          000       184008          000          000          000          000          000          000          000          000          000          000          000          000          000          000100%000%000%000%000%
200908 69872                         10000100470272                                                                                                        JOAQUIN             CALIZAYA            BENILDA MODESTA               1        21894          000          000        21894          000          000          000          000          000          000          000          000          000          000          000          000          000          000100%000%000%000%000%
200908 69872                         10100100491108                                                                                                        GUTIERREZ           FIGUEROA            GABRIEL                       1        82208          000        39380        42828          000          000          000          000          000          000          000          000          000          000          000          000          000          000095%005%000%000%000%
200908 69872                         10300129558112                                                                                                        PAREDES             RAMOS               EDWIN TIMOTEO                 1        78905          000         5719        73186          000          000          000          000          000          000          000          000          000          000          000          000          000          000100%000%000%000%000%
200908 69872                         10400100408594                                                                                                        CAMA                OSCAMAYTA           FREDDY                        1        21074          000          000        21074          000          000          000          000          000          000          000          000          000          000          000          000          000          000100%000%000%000%000%
200908 69872                         10500100508366                                                                                                        TURPO               MAQUERA             ABRAHAN MIGUEL                1        62347          000          000        62347          000          000          000          000          000          000          000          000          000          000          000          000          000          000100%000%000%000%000%
200908 69872                         10600101810448                                                                                                        TARQUI              DE LAURA            AUDIA                         1         6959          000         2322         4637          000          000          000          000          000          000          000          000          000          000          000          000          000          000100%000%000%000%000%
200908 69872                         10900144985843                                                                                                        RAMOS               CALDERON            NORMA                         1        14788          000          000        14788          000          000          000          000          000          000          000          000          000          000          000          000          000          000000%000%000%000%100%
200908 69872                         11400108856681                                                                                                        GALLEGOS            CACERES VDA DE HUAMAELISA                         1        48910          000          000        48910          000          000          000          000          000          000          000          000          000          000          000          000          000          000100%000%000%000%000%
200908 69872                         12200100403265                                                                                                        VILLANUEVA          TAPIA               NICOLAS TOMAS                 1       126123          000          000       126123          000          000          000          000          000          000          000          000          000          000          000          000          000          000100%000%000%000%000%
200908 69872                         12300104437016                                                                                                        GUTIERREZ           VILCA               NORMA SOFIA                   1        10865          000          000        10865          000          000          000          000          000          000          000          000          000          000          000          000          000          000100%000%000%000%000%
200908 69872                         12400129214083                                                                                                        PAUCAR              ARCE                MIRIAN                        1         8513          000          000         8513          000          000          000          000          000          000          000          000          000          000          000          000          000          000000%100%000%000%000%
200908 69872                         12700100440232                                                                                                        MAQUERA             LLANOS              TEODORO                       1        61608          000         6396        55212          000          000          000          000          000          000          000          000          000          000          000          000          000          000100%000%000%000%000%
200908 69872                         13000100474973                                                                                                        ARIAS               TEJADA              GERMAN SULPICIO               1        34082          000          000        34082          000          000          000          000          000          000          000          000          000          000          000          000          000          000100%000%000%000%000%
200908 69872                         13100100443790                                                                                                        HUARICALLO          CHAMBILLA           JACQUELINE LORENA             1        24884          000          000        24884          000          000          000          000          000          000          000          000          000          000          000          000          000          000100%000%000%000%000%
200908 69872                         13200180094094                                                                                                        VARGAS              ALAVE               DOMINGA                       1        19471          000          000        19471          000          000          000          000          000          000          000          000          000          000          000          000          000          000100%000%000%000%000%
200908 69872                         13300106667503                                                                                                        ESTEVEZ             FUENTES             PERCY YVAN                    1        35952          000          000        35952          000          000          000          000          000          000          000          000          000          000          000          000          000          000100%000%000%000%000%
200908 69872                         13700100498596                                                                                                        LAURA               QUISPE              LOURDES MARISOL               1        59786          000         2346        57440          000          000          000          000          000          000          000          000          000          000          000          000          000          000100%000%000%000%000%
200908 69872                         13900141539917                                                                                                        FERNANDEZ           PALZA               MIGUEL ANGEL                  1        79585          000          000        79585          000          000          000          000          000          000          000          000          000          000          000          000          000          000100%000%000%000%000%
200908 69872                         14100129659989                                                                                                        QUISPE              ALAVE               MARIA                         1        24830          000         1534        23296          000          000          000          000          000          000          000          000          000          000          000          000          000          000100%000%000%000%000%
200908 69872                         14200100433670                                                                                                        CHURA               MAMANI              ELOY ISSAC                    1       267734          000        37033       230701          000          000          000          000          000          000          000          000          000          000          000          000          000          000100%000%000%000%000%
200908 69872                         14500100508938                                                                                                        MAMANI              DE ROBLES           MARTINA                       1        42146          000          000        42146          000          000          000          000          000          000          000          000          000          000          000          000          000          000000%000%000%000%100%
200908 69872                         14600100447876                                                                                                        CALUMANI            QUISPE              VICENTE                       1        61043          000          000        61043          000          000          000          000          000          000          000          000          000          000          000          000          000          000000%000%000%043%057%
200908 69872                         14800143800687                                                                                                        COLLADO             PARI                JUAN JOSE                     1         4355          000          000         4355          000          000          000          000          000          000          000          000          000          000          000          000          000          000100%000%000%000%000%
200908 69872                         15000144723190                                                                                                        QUISPE              PALOMINO            JULIO CESAR                   1         4274          000          000         4274          000          000          000          000          000          000          000          000          000          000          000          000          000          000000%000%000%100%000%
200908 69872                         15200180567708                                                                                                        LINAREZ             MIRANDA             ANGEL JAVIER                  1        17088          000          000        17088          000          000          000          000          000          000          000          000          000          000          000          000          000          000100%000%000%000%000%
200908 69872                         154001000486060                                                                                                       CHOQUE              PARIA               RUTH ASUNTA                   1        32511          000          000        32511          000          000          000          000          000          000          000          000          000          000          000          000          000          000100%000%000%000%000%
200908 69872                         15500100479892                                                                                                        APAZA               COPAJA              ROSA                          1        82299          000          000        82299          000          000          000          000          000          000          000          000          000          000          000          000          000          000100%000%000%000%000%
200908 69872                         15700100438410                                                                                                        CORDOVA             JIMENEZ             GUILLERMINA                   1        12041          000          000        12041          000          000          000          000          000          000          000          000          000          000          000          000          000          000100%000%000%000%000%
200908 69872                         15800100488959                                                                                                        TACORA              PARI                ASELA NORMA                   1        21222          000         8918        12304          000          000          000          000          000          000          000          000          000          000          000          000          000          000100%000%000%000%000%
200908 69872                         15900116007240                                                                                                        COLAN               CORTEZ              JUAN OSCAR                    1       114860          000          000       114860          000          000          000          000          000          000          000          000          000          000          000          000          000          000000%005%051%044%000%
200908 69872                         16000119836760                                                                                                        ESPINOZA            GASPAR              JULIANA                       1        54043          000          000        54043          000          000          000          000          000          000          000          000          000          000          000          000          000          000100%000%000%000%000%
200908 69872                         16100100412810                                                                                                        MELENDEZ            SALMON              CESAR OMAR                    1       225060          000        40898       184162          000          000          000          000          000          000          000          000          000          000          000          000          000          000100%000%000%000%000%
200908 69872                         16400143101831                                                                                                        MAMANI              LLANOS              WILSON                        1        24317          000         3006        21311          000          000          000          000          000          000          000          000          000          000          000          000          000          000100%000%000%000%000%
200908 69872                         16500100510186                                                                                                        CANDIA              AGUILAR             CARMEN JULIA                  1        16871          000          000        16871          000          000          000          000          000          000          000          000          000          000          000          000          000          000100%000%000%000%000%
200908 69872                         16700146537043                                                                                                        FLORES              LLANOS              WILLIAM FELIX                 1        99253          000          000        99253          000          000          000          000          000          000          000          000          000          000          000          000          000          000100%000%000%000%000%
200908 69872                         17000100497947                                                                                                        MEDINA              GUZMAN              EDWARD RENE                   1        56383          000         5771        50612          000          000          000          000          000          000          000          000          000          000          000          000          000          000100%000%000%000%000%
200908 69872                         17100100505455                                                                                                        CHOQUEÑA           ORDOÑES            CARLOS ALBERTO                1        11371          000        11371          000          000          000          000          000          000          000          000          000          000          000          000          000          000          000100%000%000%000%000%
200908 69872                         17300100664535                                                                                                        FLORES              SANCA DE PACCI      MARTINA                       1        49429          000          000        49429          000          000          000          000          000          000          000          000          000          000          000          000          000          000100%000%000%000%000%
200908 69872                         17400180296657                                                                                                        OROCOLLO            PARILLO             CESAR                         1        62926          000        25451        37475          000          000          000          000          000          000          000          000          000          000          000          000          000          000100%000%000%000%000%
200908 69872                         17600100520926                                                                                                        MAMANI              MAMANI              DEMETRIO                      1         3217          000          000         3217          000          000          000          000          000          000          000          000          000          000          000          000          000          000100%000%000%000%000%
200908 69872                         17700100797439                                                                                                        GUTIERREZ           VILCA               ESMELDA JUANA                 1        69992          000          000        69992          000          000          000          000          000          000          000          000          000          000          000          000          000          000100%000%000%000%000%
200908 69872                         18000100489724                                                                                                        SARDON              CACASACA            ALBERTO                       1        38690          000          000        38690          000          000          000          000          000          000          000          000          000          000          000          000          000          000100%000%000%000%000%
200908 69872                         18100100438037                                                                                                        VELIS               FLORES              ALEJANDRO                     1        28494          000          000        28494          000          000          000          000          000          000          000          000          000          000          000          000          000          000100%000%000%000%000%
200908 69872                         18300129693191                                                                                                        HERRERA             OVIEDO              VICTOR BRAULIO                1        10852          000          000        10852          000          000          000          000          000          000          000          000          000          000          000          000          000          000100%000%000%000%000%
200908 69872                         18600100441534                                                                                                        OSACANE             HUANACUNE           ANDRES                        1        85483          000          000        85483          000          000          000          000          000          000          000          000          000          000          000          000          000          000100%000%000%000%000%
200908 69872                         18700100492970                                                                                                        ALLAZO              VARGAS              ROCIO TERESA                  1        38730          000          000        38730          000          000          000          000          000          000          000          000          000          000          000          000          000          000100%000%000%000%000%
200908 69872                         18800101870878                                                                                                        CANAZA              ESPINOZA            SOFIA                         1        30743          000          000        30743          000          000          000          000          000          000          000          000          000          000          000          000          000          000100%000%000%000%000%
200908 69872                         19000100438449                                                                                                        PARI                DE HUALPA           CASIMIRA                      1         8859          000          000         8859          000          000          000          000          000          000          000          000          000          000          000          000          000          000000%000%000%000%100%
200908 69872                         19100140533845                                                                                                        HUALLPA             PARI                NOEMI REBECA                  1        14760          000          000        14760          000          000          000          000          000          000          000          000          000          000          000          000          000          000000%000%000%100%000%
200908 69872                         19400140461886                                                                                                        PACO                FLORES              MARINA MARGARITA              1        61750          000          000        61750          000          000          000          000          000          000          000          000          000          000          000          000          000          000100%000%000%000%000%
200908 69872                         19800100447375                                                                                                        DAMIAN              CHINO               CESAR                         1        45129          000         1637        43492          000          000          000          000          000          000          000          000          000          000          000          000          000          000100%000%000%000%000%
200908 69872                         20100100422116                                                                                                        TURPO               CONDORI             VICENTE DIONICIO              1        43892          000          000        43892          000          000          000          000          000          000          000          000          000          000          000          000          000          000100%000%000%000%000%
200908 69872                         20200100488130                                                                                                        FLORES              CLEMENTE            ADOLFO                        1        29449          000          000        29449          000          000          000          000          000          000          000          000          000          000          000          000          000          000100%000%000%000%000%
200908 69872                         20300141051958                                                                                                        LLANOS              HUANACUNE           ELIZABETH CIRIA               1        43637          000        22597        21040          000          000          000          000          000          000          000          000          000          000          000          000          000          000052%048%000%000%000%
200908 69872                         20400143137682                                                                                                        COTRADO             AGUILAR             JHONY                         1        26004          000         5338        20666          000          000          000          000          000          000          000          000          000          000          000          000          000          000021%079%000%000%000%
200908 69872                         20500100520879                                                                                                        HUANACUNE           FLORES              CIRIA BENTURA                 1         9424          000         8382         1042          000          000          000          000          000          000          000          000          000          000          000          000          000          000089%011%000%000%000%
200908 69872                         20600100512556                                                                                                        MEDEROS             RODRIGUEZ           MILKO RONALD                  1       124453          000          000       124453          000          000          000          000          000          000          000          000          000          000          000          000          000          000100%000%000%000%000%
200908 69872                         20700100518281                                                                                                        GUTIERREZ           ACUÑA              DAVID                         1       129360          000          000       129360          000          000          000          000          000          000          000          000          000          000          000          000          000          000100%000%000%000%000%
200908 69872                         20800180031332                                                                                                        LOPEZ               ARANGO              ANA                           1       236228          000         3287       232941          000          000          000          000          000          000          000          000          000          000          000          000          000          000100%000%000%000%000%
200908 69872                         21000100484633                                                                                                        INCACUTIPA          JINEZ               ELENA                         1        15535          000          000        15535          000          000          000          000          000          000          000          000          000          000          000          000          000          000100%000%000%000%000%
200908 69872                         21100100508067                                                                                                        YUCRA               MANZANO             BEATRIZ                       1         3375          000          000         3375          000          000          000          000          000          000          000          000          000          000          000          000          000          000100%000%000%000%000%
200908 69872                         21400128266403                                                                                                        FERNANDEZ           HUARIPOMA           HUGO EDMUNDO                  1        34419          000        22058        12361          000          000          000          000          000          000          000          000          000          000          000          000          000          000100%000%000%000%000%
200908 69872                         21600100417289                                                                                                        LLOQUE              DE IQUIRA           CARMEN TERESA                 1        15794          000          000        15794          000          000          000          000          000          000          000          000          000          000          000          000          000          000100%000%000%000%000%
200908 69872                         22000144845380                                                                                                        NOGUERA             MAYTA               ELSA AIDE                     1        33560          000        12087        21473          000          000          000          000          000          000          000          000          000          000          000          000          000          000100%000%000%000%000%
200908 69872                         22100100790032                                                                                                        PORTUGAL            TAPIA               JESUS ANGEL                   1        42427          000          000        42427          000          000          000          000          000          000          000          000          000          000          000          000          000          000100%000%000%000%000%
200908 69872                         22300101789127                                                                                                        INCACUTIPA          LIMACHI             ELSA                          1         2876          000          000         2876          000          000          000          000          000          000          000          000          000          000          000          000          000          000100%000%000%000%000%
200908 69872                         22400100500310                                                                                                        HUACCA              VELASQUEZ           AGUSTIN                       1         7129          000         2849         4280          000          000          000          000          000          000          000          000          000          000          000          000          000          000100%000%000%000%000%
200908 69872                         22500100662209                                                                                                        CARDENAS            ARIAS               ANIVAL ARMANDO                1        70541          000          000        70541          000          000          000          000          000          000          000          000          000          000          000          000          000          000100%000%000%000%000%
200908 69872                         22700100445970                                                                                                        ORTIZ               ORTEGA              LOURDES ELBA                  1        40302          000          000        40302          000          000          000          000          000          000          000          000          000          000          000          000          000          000100%000%000%000%000%
200908 69872                         22800180221679                                                                                                        TORRES              CUSACANI            FREDY LUCIO                   1        60001          000          000        60001          000          000          000          000          000          000          000          000          000          000          000          000          000          000000%000%076%024%000%
200908 69872                         22900142955618                                                                                                        HALANOCCA           VILLAFUERTE         JESSICA IMELDA                1        53305          000          000        53305          000          000          000          000          000          000          000          000          000          000          000          000          000          000100%000%000%000%000%
200908 69872                         23000141088674                                                                                                        HALANOCCA           VILLAFUERTE         CARLA MAGALI                  1        56456          000          000        56456          000          000          000          000          000          000          000          000          000          000          000          000          000          000100%000%000%000%000%
200908 69872                         23100100469859                                                                                                        PAREDES             CUSACANI            MARIA ELENA                   1         8865          000          000         8865          000          000          000          000          000          000          000          000          000          000          000          000          000          000000%000%000%100%000%
200908 69872                         23200100414883                                                                                                        ZANGA               MARINO              JULIA                         1       109866          000          000       109866          000          000          000          000          000          000          000          000          000          000          000          000          000          000100%000%000%000%000%
200908 69872                         23300109825920                                                                                                        ARAMBURU            OLIVERA             FRIDA                         1        31226          000          000        31226          000          000          000          000          000          000          000          000          000          000          000          000          000          000000%000%060%040%000%
200908 69872                         23500100508015                                                                                                        YAJA                GUTIERREZ           MANUEL                        1        17082          000          000        17082          000          000          000          000          000          000          000          000          000          000          000          000          000          000100%000%000%000%000%
200908 69872                         23600110465779                                                                                                        IRCAÑAUPA          QUISPE              JUANA LUISA                   1        22366          000          000        22366          000          000          000          000          000          000          000          000          000          000          000          000          000          000100%000%000%000%000%
200908 69872                         23800142685563                                                                                                        CHIPANA             PUCHO               ANA MARIA                     1        18995          000        12913         6082          000          000          000          000          000          000          000          000          000          000          000          000          000          000100%000%000%000%000%
200908 69872                         24000100478018                                                                                                        URCUHUARANGA        POZO                VICTOR MANUEL                 1        68357          000          000        68357          000          000          000          000          000          000          000          000          000          000          000          000          000          000100%000%000%000%000%
200908 69872                         24200104436006                                                                                                        RIOS                DELGADO             FELIPA                        1        85250          000          000        85250          000          000          000          000          000          000          000          000          000          000          000          000          000          000100%000%000%000%000%
200908 69872                         24300106056023                                                                                                        GABANCHO            RAMIREZ             SERGIO SEVERO                 1        12654          000          000        12654          000          000          000          000          000          000          000          000          000          000          000          000          000          000000%000%100%000%000%
200908 69872                         24700100664596                                                                                                        CALIZAYA            MAMANI              FLAVIO ESTANISLAO             1        10454          000          000        10454          000          000          000          000          000          000          000          000          000          000          000          000          000          000100%000%000%000%000%
200908 69872                         24800100439467                                                                                                        CHAMBILLA           CARDENAS            FLORA CELESTINA               1        20145          000          000        20145          000          000          000          000          000          000          000          000          000          000          000          000          000          000000%083%017%000%000%
200908 69872                         24900100791391                                                                                                        ATENCIO             CCACASACA           ANTONIO                       1        26711          000          000        26711          000          000          000          000          000          000          000          000          000          000          000          000          000          000100%000%000%000%000%
200908 69872                         25100180184068                                                                                                        RIVERA              MAMANI              TEODORA                       1        16754          000          000        16754          000          000          000          000          000          000          000          000          000          000          000          000          000          000100%000%000%000%000%
200908 69872                         25200100793547                                                                                                        LLICLLA             CHAMBILLA           JULIO RAMON                   1        99999          000         2425        97574          000          000          000          000          000          000          000          000          000          000          000          000          000          000100%000%000%000%000%
200908 69872                         25300100453092                                                                                                        PARI                MACHACA             SABINA DINA                   1        13445          000          000        13445          000          000          000          000          000          000          000          000          000          000          000          000          000          000100%000%000%000%000%
200908 69872                         25500104640352                                                                                                        MAZUELOS            SANCHEZ             LUIS ALBERTO                  1        52819          000          000        52819          000          000          000          000          000          000          000          000          000          000          000          000          000          000100%000%000%000%000%
200908 69872                         26100140054035                                                                                                        TAPIA               ROMERO              INGRID                        1        42171          000          000        42171          000          000          000          000          000          000          000          000          000          000          000          000          000          000100%000%000%000%000%
200908 69872                         26300100492028                                                                                                        CARDENAS            AMEZQUITA           GABRIEL RAMIRO                1        35550          000          000        35550          000          000          000          000          000          000          000          000          000          000          000          000          000          000100%000%000%000%000%
200908 69872                         26400100420569                                                                                                        ELIAS               PALOMAR             JUAN ATILIO                   1        44973          000         4669        40304          000          000          000          000          000          000          000          000          000          000          000          000          000          000100%000%000%000%000%
200908 69872                         26500100412713                                                                                                        MOSTAJO             ZIRENA              MARIA FANNY                   1        22551          000          818        21733          000          000          000          000          000          000          000          000          000          000          000          000          000          000100%000%000%000%000%
200908 69872                         26600143982361                                                                                                        PEDRAZA             ARPASI              DANITZA                       1        31155          000          000        31155          000          000          000          000          000          000          000          000          000          000          000          000          000          000100%000%000%000%000%
200908 69872                         26700100467687                                                                                                        QUISPE              COLQUE              GUADALUPE ANDREA              1        27587          000          000        27587          000          000          000          000          000          000          000          000          000          000          000          000          000          000100%000%000%000%000%
200908 69872                         26800140673149                                                                                                        PACCO               FLORES              HERMELINDA                    1        28669          000          000        28669          000          000          000          000          000          000          000          000          000          000          000          000          000          000100%000%000%000%000%
200908 69872                         27000100511190                                                                                                        VILLANUEVA CORNEJO  -                   MAIA VALENTINA                1        45109          000          000        45109          000          000          000          000          000          000          000          000          000          000          000          000          000          000100%000%000%000%000%
200908 69872                         27200141952404                                                                                                        GUTIERREZ           GARCIA              WALTER VICTOR                 1        99320          000          000        99320          000          000          000          000          000          000          000          000          000          000          000          000          000          000100%000%000%000%000%
200908 69872                         27300100450616                                                                                                        VARGAS              GARCIA              JULIO MARIO                   1         9418          000          000         9418          000          000          000          000          000          000          000          000          000          000          000          000          000          000100%000%000%000%000%
200908 69872                         27400100488678                                                                                                        BARDALES            RODRIGUEZ           GARIN ALBERTO                 1        64153          000          000        64153          000          000          000          000          000          000          000          000          000          000          000          000          000          000100%000%000%000%000%
200908 69872                         27500100496727                                                                                                        SARDON              CHULA               PATRICIA SILVANA              1        82942          000          000        82942          000          000          000          000          000          000          000          000          000          000          000          000          000          000100%000%000%000%000%
200908 69872                         27600100791955                                                                                                        ZAVALA              ALIAGA              OSCAR EDUARDO                 1        18636          000          000        18636          000          000          000          000          000          000          000          000          000          000          000          000          000          000100%000%000%000%000%
200908 69872                         27700101845653                                                                                                        NEIRA               CALAMANI            CARLOS                        1        22413          000         1479        20934          000          000          000          000          000          000          000          000          000          000          000          000          000          000100%000%000%000%000%
200908 69872                         28000126633318                                                                                                        SIGUENZA            MARQUINA            SABINA ROCIO                  1       104366          000          000       104366          000          000          000          000          000          000          000          000          000          000          000          000          000          000100%000%000%000%000%
200908 69872                         28100100497513                                                                                                        ALFEREZ             ARANCIBIA           ANTONIO MARTIN                1        95699          000          000        95699          000          000          000          000          000          000          000          000          000          000          000          000          000          000100%000%000%000%000%
200908 69872                         28400100444409                                                                                                        HUANACUNE           FRAQUITA            JAVIER OSCAR                  1        77564          000          000        77564          000          000          000          000          000          000          000          000          000          000          000          000          000          000100%000%000%000%000%
200908 69872                         28500100490442                                                                                                        CALDERON            ARANCIBIA           WILLIAN FERNANDO              1        48692          000          000        48692          000          000          000          000          000          000          000          000          000          000          000          000          000          000100%000%000%000%000%
200908 69872                         28600100517658                                                                                                        CHAMBILLA           HUANACUNE           YANETT MARTINA                1        50004          000          000        50004          000          000          000          000          000          000          000          000          000          000          000          000          000          000100%000%000%000%000%
200908 69872                         28800100520875                                                                                                        QUISPE              QUISPE              HILARIO                       1        24163          000          000        24163          000          000          000          000          000          000          000          000          000          000          000          000          000          000100%000%000%000%000%
200908 69872                         29000100469200                                                                                                        MAMANI              CHURACUTIPA         CATALINA                      1       193153          000         5175       187978          000          000          000          000          000          000          000          000          000          000          000          000          000          000100%000%000%000%000%
200908 69872                         29100129501908                                                                                                        MACHACA             LIMA                JULIO MARTIN                  1       160826          000        27811       133015          000          000          000          000          000          000          000          000          000          000          000          000          000          000100%000%000%000%000%
200908 69872                         29400140768483                                                                                                        QUISPE              PACO                YESENIA ANGELA                1        19548          000        15293         4255          000          000          000          000          000          000          000          000          000          000          000          000          000          000100%000%000%000%000%
200908 69872                         29600100464693                                                                                                        NINA                NINAJA              MARIO                         1        23367          000          000        23367          000          000          000          000          000          000          000          000          000          000          000          000          000          000100%000%000%000%000%
200908 69872                         29700141051700                                                                                                        MAQUERA             QUISPE              MARITZA ROXANA                1        62706          000          000        62706          000          000          000          000          000          000          000          000          000          000          000          000          000          000100%000%000%000%000%
200908 69872                         30100100469816                                                                                                        DELGADO             .                   AURELIA LUZ                   1        23296          000          000        23296          000          000          000          000          000          000          000          000          000          000          000          000          000          000100%000%000%000%000%
200908 69872                         30900180335768                                                                                                        PRADO               PEREZ               GEORGE JULIO                  1        63468          000          000        63468          000          000          000          000          000          000          000          000          000          000          000          000          000          000100%000%000%000%000%
200908 69872                         31200100423760                                                                                                        CONDE               DE QUISPE           PAULA                         1       131231          000        23734       107497          000          000          000          000          000          000          000          000          000          000          000          000          000          000100%000%000%000%000%
200908 69872                         31300100438341                                                                                                        COAQUIRA            MAMANI              FELIX                         1        21733          000          000        21733          000          000          000          000          000          000          000          000          000          000          000          000          000          000100%000%000%000%000%
200908 69872                         31400100682879                                                                                                        GALLEGOS            MAMANI              ROLANDO                       1        11443          000          000        11443          000          000          000          000          000          000          000          000          000          000          000          000          000          000100%000%000%000%000%
200908 69872                         31500143149115                                                                                                        CAPIA               TICONA              RUYER ELOY                    1        52026          000          000        52026          000          000          000          000          000          000          000          000          000          000          000          000          000          000100%000%000%000%000%
200908 69872                         31600123854375                                                                                                        GAMIO               MONTESINOS          BORIS ALEXANDER               1         2496          000          000         2496          000          000          000          000          000          000          000          000          000          000          000          000          000          000100%000%000%000%000%
200908 69872                         31800129561242                                                                                                        TICONA              BENDITA             FREDDY RODOLFO                1        19144          000         5189        13955          000          000          000          000          000          000          000          000          000          000          000          000          000          000100%000%000%000%000%
200908 69872                         32000141272890                                                                                                        MALLMA              GOMEZ               LILIA MARUJA                  1        25113          000          000        25113          000          000          000          000          000          000          000          000          000          000          000          000          000          000100%000%000%000%000%
200908 69872                         32400100429746                                                                                                        DEL CAMPO           DE DEL PRATT        CARMEN ROSA                   1        42104          000        19645        22459          000          000          000          000          000          000          000          000          000          000          000          000          000          000100%000%000%000%000%
200908 69872                         32700100425023                                                                                                        GALDOS              RAMIREZ             MAXIMILIANO ALFREDO           1        12166          000          000        12166          000          000          000          000          000          000          000          000          000          000          000          000          000          000100%000%000%000%000%
200908 69872                         33100141308418                                                                                                        SARMIENTO           AQUINO              ELARDH                        1        25887          000          000        25887          000          000          000          000          000          000          000          000          000          000          000          000          000          000100%000%000%000%000%
200908 69872                         33300100521025                                                                                                        CONTRERAS           JILAJA              LOURDES VIOLETA               1        34139          000         3364        30775          000          000          000          000          000          000          000          000          000          000          000          000          000          000100%000%000%000%000%
200908 69872                         33600142914609                                                                                                        VARGAS              PATIÑO             JHAZMINA JUDITH               1        27329          000          000        27329          000          000          000          000          000          000          000          000          000          000          000          000          000          000100%000%000%000%000%
200908 69872                         33700142471645                                                                                                        CHIPANA             QUISPE              CELIA                         1        21506          000          000        21506          000          000          000          000          000          000          000          000          000          000          000          000          000          000100%000%000%000%000%
200908 69872                         33900101211736                                                                                                        MAMANI              JARRO               FRANCISCO                     1        21501          000          000        21501          000          000          000          000          000          000          000          000          000          000          000          000          000          000100%000%000%000%000%
200908 69872                         34000100417841                                                                                                        PEREZ               GOMEZ               NORAH JESUS                   1        37266          000          000        37266          000          000          000          000          000          000          000          000          000          000          000          000          000          000100%000%000%000%000%
200908 69872                         34200100495401                                                                                                        HUARINO             PACSI               ROSA AGUSTINA                 1        24348          000          000        24348          000          000          000          000          000          000          000          000          000          000          000          000          000          000100%000%000%000%000%
200908 69872                         35000144207147                                                                                                        OVIEDO              SUAREZ              ANGELA MARIA                  1        28037          000          000        28037          000          000          000          000          000          000          000          000          000          000          000          000          000          000100%000%000%000%000%
200908 69872                         35100104622189                                                                                                        ROMERO              CHUQUIMIA DE TAPIA  MARGARITA SERGIA              1        28834          000          000        28834          000          000          000          000          000          000          000          000          000          000          000          000          000          000100%000%000%000%000%
200908 69872                         35200100431750                                                                                                        APAZA               DE MAMANI           SATURNINA                     1        50004          000          000        50004          000          000          000          000          000          000          000          000          000          000          000          000          000          000100%000%000%000%000%
