200911 69872                           100102702588                                                                                                        LOPEZ               MORANTE             SEGUNDO WILFREDO              1        10317          000          000          000          000          000          000          000          000          000          000          000          000          000          000          000          000          000100%000%000%000%000%
200911 69872                           300103693127                                                                                                        HIDALGO             HUIMAN              LUZ ANGELICA                  1        22860          000          000          000          000          000          000          000          000          000          000          000          000          000          000          000          000          000100%000%000%000%000%
200911 69872                           800100461228                                                                                                        RIOS                DE ALVARES          JULIA GERARDA                 1         9441          000          000          000          000          000          000          000          000          000          000          000          000          000          000          000          000          000100%000%000%000%000%
200911 69872                          1100142328819                                                                                                        MAMANI              LUQUE               CARLOS FREDY                  1        29010          000          000          000          000          000          000          000          000          000          000          000          000          000          000          000          000          000000%000%000%000%100%
200911 69872                          1400100508593                                                                                                        LIMACHI             CHUCUYA             LIDIA LOURDES                 1        62310          000          000          000          000          000          000          000          000          000          000          000          000          000          000          000          000          000000%000%013%022%065%
200911 69872                          1500144795011                                                                                                        LOPEZ               HIDALGO             JONATHAN ARTHUR               1        11607          000          000          000          000          000          000          000          000          000          000          000          000          000          000          000          000          000100%000%000%000%000%
200911 69872                          1900100473935                                                                                                        PALACIOS            PIMENTEL            CARMEN ROSA                   1       118369          000          000          000          000          000          000          000          000          000          000          000          000          000          000          000          000          000000%000%016%014%070%
200911 69872                          2000180296024                                                                                                        MAMANI              NINA                LEONOR YRIS                   1        30019          000          000          000          000          000          000          000          000          000          000          000          000          000          000          000          000          000000%000%000%000%100%
200911 69872                          2300142941115                                                                                                        CHAPARRO            HUAYNA              PACIANA SOLEDAD               1        74981          000          000          000          000          000          000          000          000          000          000          000          000          000          000          000          000          000020%021%021%017%021%
200911 69872                          2600100790164                                                                                                        QUISPE              CAPA                EVANGELINA                    1        24415          000          000          000          000          000          000          000          000          000          000          000          000          000          000          000          000          000000%000%000%000%100%
200911 69872                          2700100443765                                                                                                        CALDERON            CARAZAS             KARINA                        1        26201          000          000          000          000          000          000          000          000          000          000          000          000          000          000          000          000          000000%000%000%000%100%
200911 69872                          4100100486605                                                                                                        LUPACA              QUISPE              FORTUNATA                     1        50878          000          000          000          000          000          000          000          000          000          000          000          000          000          000          000          000          000091%009%000%000%000%
200911 69872                          4200100434861                                                                                                        VANEGAS             APAZA               EUSEBIA                       1        40690          000          000          000          000          000          000          000          000          000          000          000          000          000          000          000          000          000000%000%000%000%100%
200911 69872                          4600100442693                                                                                                        MAMANI              FLORES              CESAR ARMANDO                 1        30144          000          000          000          000          000          000          000          000          000          000          000          000          000          000          000          000          000000%000%000%000%100%
200911 69872                          5100145116990                                                                                                        MAMANI              GUERRERO            MELISSA EVELYN                1        66694          000          000          000          000          000          000          000          000          000          000          000          000          000          000          000          000          000000%000%000%000%100%
200911 69872                          5400100400399                                                                                                        CONDORI             RAMOS               DELFINA                       1         6351          000          000          000          000          000          000          000          000          000          000          000          000          000          000          000          000          000100%000%000%000%000%
200911 69872                          5600129348899                                                                                                        GUTIERREZ           DIAZ                LUZ MARINA                    1         3203          000          000          000          000          000          000          000          000          000          000          000          000          000          000          000          000          000100%000%000%000%000%
200911 69872                          5700105292246                                                                                                        ARMAS               VELA                ROCIO DEL PILAR               1        35340          000          000          000          000          000          000          000          000          000          000          000          000          000          000          000          000          000000%000%041%059%000%
200911 69872                          5800142374713                                                                                                        MAMANI              LARICO              GLADYS BERTHA                 1        12389          000          000          000          000          000          000          000          000          000          000          000          000          000          000          000          000          000000%000%000%000%100%
200911 69872                          6000100793874                                                                                                        GUTIERREZ           GAURACHI            JUAN ADOLFO                   1        59100          000          000          000          000          000          000          000          000          000          000          000          000          000          000          000          000          000000%000%000%000%100%
200911 69872                          6200129547982                                                                                                        CASTILLO            APAZA               OTILIA                        1         5753          000          000          000          000          000          000          000          000          000          000          000          000          000          000          000          000          000100%000%000%000%000%
200911 69872                          6700100493056                                                                                                        PALACIOS            SARMIENTO           ELFREN ANTONIO                1        81637          000          000          000          000          000          000          000          000          000          000          000          000          000          000          000          000          000041%039%020%000%000%
200911 69872                          7100107518227                                                                                                        LORA                LEGUIA              JUAN JOSE                     1        15653          000          000          000          000          000          000          000          000          000          000          000          000          000          000          000          000          000000%000%000%000%100%
200911 69872                          7400145827632                                                                                                        ARRIAGA             DEL CARPIO          RODRIGO PERCY                 1        99981          000          000          000          000          000          000          000          000          000          000          000          000          000          000          000          000          000000%000%000%000%100%
200911 69872                          7600100482957                                                                                                        HUALLPA             CHOQUECOTA          CAYETANA                      1        25709          000          000          000          000          000          000          000          000          000          000          000          000          000          000          000          000          000000%000%000%024%076%
200911 69872                          8200144351570                                                                                                        LAURA               TARQUI              URSULA                        1         2773          000          000          000          000          000          000          000          000          000          000          000          000          000          000          000          000          000100%000%000%000%000%
200911 69872                          8500145170742                                                                                                        MIRANDA             ALIAGA              ABEL WILFREDO                 1        45000          000          000          000          000          000          000          000          000          000          000          000          000          000          000          000          000          000000%000%000%000%100%
200911 69872                          9300101541319                                                                                                        MAMANI              MAMANI              JULIANA                       1         1012          000          000          000          000          000          000          000          000          000          000          000          000          000          000          000          000          000100%000%000%000%000%
200911 69872                         10100100491108                                                                                                        GUTIERREZ           FIGUEROA            GABRIEL                       1        63968          000          000          000          000          000          000          000          000          000          000          000          000          000          000          000          000          000053%047%000%000%000%
200911 69872                         10300129558112                                                                                                        PAREDES             RAMOS               EDWIN TIMOTEO                 1        14095          000          000          000          000          000          000          000          000          000          000          000          000          000          000          000          000          000100%000%000%000%000%
200911 69872                         10500100508366                                                                                                        TURPO               MAQUERA             ABRAHAN MIGUEL                1         1804          000          000          000          000          000          000          000          000          000          000          000          000          000          000          000          000          000100%000%000%000%000%
200911 69872                         10900144985843                                                                                                        RAMOS               CALDERON            NORMA                         1        13743          000          000          000          000          000          000          000          000          000          000          000          000          000          000          000          000          000000%000%000%000%100%
200911 69872                         12200100403265                                                                                                        VILLANUEVA          TAPIA               NICOLAS TOMAS                 1        27502          000          000          000          000          000          000          000          000          000          000          000          000          000          000          000          000          000100%000%000%000%000%
200911 69872                         12700100440232                                                                                                        MAQUERA             LLANOS              TEODORO                       1        11274          000          000          000          000          000          000          000          000          000          000          000          000          000          000          000          000          000100%000%000%000%000%
200911 69872                         13700100498596                                                                                                        LAURA               QUISPE              LOURDES MARISOL               1        18883          000          000          000          000          000          000          000          000          000          000          000          000          000          000          000          000          000057%043%000%000%000%
200911 69872                         14200100433670                                                                                                        CHURA               MAMANI              ELOY ISSAC                    1         2390          000          000          000          000          000          000          000          000          000          000          000          000          000          000          000          000          000100%000%000%000%000%
200911 69872                         14500100508938                                                                                                        MAMANI              DE ROBLES           MARTINA                       1        42157          000          000          000          000          000          000          000          000          000          000          000          000          000          000          000          000          000000%000%000%000%100%
200911 69872                         14600100447876                                                                                                        CALUMANI            QUISPE              VICENTE                       1        61069          000          000          000          000          000          000          000          000          000          000          000          000          000          000          000          000          000000%000%000%000%100%
200911 69872                         15900116007240                                                                                                        COLAN               CORTEZ              JUAN OSCAR                    1       114860          000          000          000          000          000          000          000          000          000          000          000          000          000          000          000          000          000000%000%000%000%100%
200911 69872                         16000119836760                                                                                                        ESPINOZA            GASPAR              JULIANA                       1          823          000          000          000          000          000          000          000          000          000          000          000          000          000          000          000          000          000100%000%000%000%000%
200911 69872                         16100100412810                                                                                                        MELENDEZ            SALMON              CESAR OMAR                    1        15630          000          000          000          000          000          000          000          000          000          000          000          000          000          000          000          000          000082%018%000%000%000%
200911 69872                         16400143101831                                                                                                        MAMANI              LLANOS              WILSON                        1        34400          000          000          000          000          000          000          000          000          000          000          000          000          000          000          000          000          000072%028%000%000%000%
200911 69872                         16700146537043                                                                                                        FLORES              LLANOS              WILLIAM FELIX                 1        53713          000          000          000          000          000          000          000          000          000          000          000          000          000          000          000          000          000079%021%000%000%000%
200911 69872                         17000100497947                                                                                                        MEDINA              GUZMAN              EDWARD RENE                   1        19159          000          000          000          000          000          000          000          000          000          000          000          000          000          000          000          000          000100%000%000%000%000%
200911 69872                         18000100489724                                                                                                        SARDON              CACASACA            ALBERTO                       1        19619          000          000          000          000          000          000          000          000          000          000          000          000          000          000          000          000          000100%000%000%000%000%
200911 69872                         18200100460467                                                                                                        MAITA               DE NOGUERA          ROSA ROSALIA                  1        23200          000          000          000          000          000          000          000          000          000          000          000          000          000          000          000          000          000100%000%000%000%000%
200911 69872                         18400100491983                                                                                                        MAMANI              MENDOZA             CIRILO                        1        16195          000          000          000          000          000          000          000          000          000          000          000          000          000          000          000          000          000100%000%000%000%000%
200911 69872                         18700100492970                                                                                                        ALLAZO              VARGAS              ROCIO TERESA                  1        25908          000          000          000          000          000          000          000          000          000          000          000          000          000          000          000          000          000069%031%000%000%000%
200911 69872                         19000100438449                                                                                                        PARI                DE HUALPA           CASIMIRA                      1         8859          000          000          000          000          000          000          000          000          000          000          000          000          000          000          000          000          000000%000%000%000%100%
200911 69872                         19300144794109                                                                                                        APAZA               CUELA               LUIS ALBERTO                  1         4852          000          000          000          000          000          000          000          000          000          000          000          000          000          000          000          000          000100%000%000%000%000%
200911 69872                         19800100447375                                                                                                        DAMIAN              CHINO               CESAR                         1         3938          000          000          000          000          000          000          000          000          000          000          000          000          000          000          000          000          000100%000%000%000%000%
200911 69872                         20200100488130                                                                                                        FLORES              CLEMENTE            ADOLFO                        1        21823          000          000          000          000          000          000          000          000          000          000          000          000          000          000          000          000          000056%044%000%000%000%
200911 69872                         20300141051958                                                                                                        LLANOS              HUANACUNE           ELIZABETH CIRIA               1        43637          000          000          000          000          000          000          000          000          000          000          000          000          000          000          000          000          000000%000%000%052%048%
200911 69872                         20400143137682                                                                                                        COTRADO             AGUILAR             JHONY                         1        26004          000          000          000          000          000          000          000          000          000          000          000          000          000          000          000          000          000000%000%000%021%079%
200911 69872                         20700100518281                                                                                                        GUTIERREZ           ACUÑA              DAVID                         1          831          000          000          000          000          000          000          000          000          000          000          000          000          000          000          000          000          000100%000%000%000%000%
200911 69872                         20800180031332                                                                                                        LOPEZ               ARANGO              ANA                           1        46771          000          000          000          000          000          000          000          000          000          000          000          000          000          000          000          000          000043%041%016%000%000%
200911 69872                         21400128266403                                                                                                        FERNANDEZ           HUARIPOMA           HUGO EDMUNDO                  1         9620          000          000          000          000          000          000          000          000          000          000          000          000          000          000          000          000          000100%000%000%000%000%
200911 69872                         21600100417289                                                                                                        LLOQUE              DE IQUIRA           CARMEN TERESA                 1        52635          000          000          000          000          000          000          000          000          000          000          000          000          000          000          000          000          000100%000%000%000%000%
200911 69872                         22200100467549                                                                                                        ZUÑIGA             GONZALEZ            FREDDY WALTER                 1        15576          000          000          000          000          000          000          000          000          000          000          000          000          000          000          000          000          000100%000%000%000%000%
200911 69872                         22800180221679                                                                                                        TORRES              CUSACANI            FREDY LUCIO                   1        60001          000          000          000          000          000          000          000          000          000          000          000          000          000          000          000          000          000000%000%000%000%100%
200911 69872                         22900142955618                                                                                                        HALANOCCA           VILLAFUERTE         JESSICA IMELDA                1         9744          000          000          000          000          000          000          000          000          000          000          000          000          000          000          000          000          000100%000%000%000%000%
200911 69872                         23000141088674                                                                                                        HALANOCCA           VILLAFUERTE         CARLA MAGALI                  1         9744          000          000          000          000          000          000          000          000          000          000          000          000          000          000          000          000          000100%000%000%000%000%
200911 69872                         23200100414883                                                                                                        ZANGA               MARINO              JULIA                         1        39888          000          000          000          000          000          000          000          000          000          000          000          000          000          000          000          000          000100%000%000%000%000%
200911 69872                         23300109825920                                                                                                        ARAMBURU            OLIVERA             FRIDA                         1        31228          000          000          000          000          000          000          000          000          000          000          000          000          000          000          000          000          000000%000%000%000%100%
200911 69872                         23500100508015                                                                                                        YAJA                GUTIERREZ           MANUEL                        1         5294          000          000          000          000          000          000          000          000          000          000          000          000          000          000          000          000          000000%000%100%000%000%
200911 69872                         24300106056023                                                                                                        GABANCHO            RAMIREZ             SERGIO SEVERO                 1        12654          000          000          000          000          000          000          000          000          000          000          000          000          000          000          000          000          000000%000%000%000%100%
200911 69872                         24800100439467                                                                                                        CHAMBILLA           CARDENAS            FLORA CELESTINA               1        20145          000          000          000          000          000          000          000          000          000          000          000          000          000          000          000          000          000000%000%000%000%100%
200911 69872                         25100180184068                                                                                                        RIVERA              MAMANI              TEODORA                       1         6457          000          000          000          000          000          000          000          000          000          000          000          000          000          000          000          000          000100%000%000%000%000%
200911 69872                         26100140054035                                                                                                        TAPIA               ROMERO              INGRID                        1        14261          000          000          000          000          000          000          000          000          000          000          000          000          000          000          000          000          000084%016%000%000%000%
200911 69872                         26400100420569                                                                                                        ELIAS               PALOMAR             JUAN ATILIO                   1        68102          000          000          000          000          000          000          000          000          000          000          000          000          000          000          000          000          000083%017%000%000%000%
200911 69872                         26600143982361                                                                                                        PEDRAZA             ARPASI              DANITZA                       1         1349          000          000          000          000          000          000          000          000          000          000          000          000          000          000          000          000          000100%000%000%000%000%
200911 69872                         26700100467687                                                                                                        QUISPE              COLQUE              GUADALUPE ANDREA              1        24761          000          000          000          000          000          000          000          000          000          000          000          000          000          000          000          000          000100%000%000%000%000%
200911 69872                         27500100496727                                                                                                        SARDON              CHULA               PATRICIA SILVANA              1         4355          000          000          000          000          000          000          000          000          000          000          000          000          000          000          000          000          000100%000%000%000%000%
200911 69872                         27600100791955                                                                                                        ZAVALA              ALIAGA              OSCAR EDUARDO                 1         4355          000          000          000          000          000          000          000          000          000          000          000          000          000          000          000          000          000100%000%000%000%000%
200911 69872                         28000126633318                                                                                                        SIGUENZA            MARQUINA            SABINA ROCIO                  1        17576          000          000          000          000          000          000          000          000          000          000          000          000          000          000          000          000          000100%000%000%000%000%
200911 69872                         29000100469200                                                                                                        MAMANI              CHURACUTIPA         CATALINA                      1        82439          000          000          000          000          000          000          000          000          000          000          000          000          000          000          000          000          000062%038%000%000%000%
200911 69872                         29400140768483                                                                                                        QUISPE              PACO                YESENIA ANGELA                1        14551          000          000          000          000          000          000          000          000          000          000          000          000          000          000          000          000          000000%000%022%078%000%
200911 69872                         29600100464693                                                                                                        NINA                NINAJA              MARIO                         1         4243          000          000          000          000          000          000          000          000          000          000          000          000          000          000          000          000          000000%000%100%000%000%
200911 69872                         30900180335768                                                                                                        PRADO               PEREZ               GEORGE JULIO                  1        17507          000          000          000          000          000          000          000          000          000          000          000          000          000          000          000          000          000100%000%000%000%000%
200911 69872                         31200100423760                                                                                                        CONDE               DE QUISPE           PAULA                         1        14961          000          000          000          000          000          000          000          000          000          000          000          000          000          000          000          000          000100%000%000%000%000%
200911 69872                         31600123854375                                                                                                        GAMIO               MONTESINOS          BORIS ALEXANDER               1         1405          000          000          000          000          000          000          000          000          000          000          000          000          000          000          000          000          000100%000%000%000%000%
200911 69872                         32400100429746                                                                                                        DEL CAMPO           DE DEL PRATT        CARMEN ROSA                   1         8467          000          000          000          000          000          000          000          000          000          000          000          000          000          000          000          000          000000%000%100%000%000%
200911 69872                         33300100521025                                                                                                        CONTRERAS           JILAJA              LOURDES VIOLETA               1         7915          000          000          000          000          000          000          000          000          000          000          000          000          000          000          000          000          000100%000%000%000%000%
200911 69872                         33900101211736                                                                                                        MAMANI              JARRO               FRANCISCO                     1        12465          000          000          000          000          000          000          000          000          000          000          000          000          000          000          000          000          000000%000%100%000%000%
200911 69872                         34000100417841                                                                                                        PEREZ               GOMEZ               NORAH JESUS                   1         3507          000          000          000          000          000          000          000          000          000          000          000          000          000          000          000          000          000100%000%000%000%000%
200911 69872                         35000144207147                                                                                                        OVIEDO              SUAREZ              ANGELA MARIA                  1        14570          000          000          000          000          000          000          000          000          000          000          000          000          000          000          000          000          000100%000%000%000%000%
200911 69872                         35100104622189                                                                                                        ROMERO              CHUQUIMIA DE TAPIA  MARGARITA SERGIA              1        37420          000          000          000          000          000          000          000          000          000          000          000          000          000          000          000          000          000087%013%000%000%000%
200911 69872                         35200100431750                                                                                                        APAZA               DE MAMANI           SATURNINA                     1        10094          000          000          000          000          000          000          000          000          000          000          000          000          000          000          000          000          000100%000%000%000%000%
200911 69872                         35400180458574                                                                                                        CHINO               MAMANI              OLGA                          1        29045          000          000          000          000          000          000          000          000          000          000          000          000          000          000          000          000          000065%035%000%000%000%
200911 69872                         35500104749865                                                                                                        CONDORI             VALDIVIA            CARMEN DEL ROSARIO            1         3591          000          000          000          000          000          000          000          000          000          000          000          000          000          000          000          000          000100%000%000%000%000%
200911 69872                         35700100435861                                                                                                        NINA                QUISPE              JUANA                         1        16025          000          000          000          000          000          000          000          000          000          000          000          000          000          000          000          000          000100%000%000%000%000%
200911 69872                         35800100498848                                                                                                        MENDOZA             MENDOZA             GENARO                        1        37935          000          000          000          000          000          000          000          000          000          000          000          000          000          000          000          000          000056%044%000%000%000%
200911 69872                         36100100683768                                                                                                        TICONA              CALIZAYA            JUANA                         1        37041          000          000          000          000          000          000          000          000          000          000          000          000          000          000          000          000          000060%040%000%000%000%
200911 69872                         36800100441431                                                                                                        MAMANI              DE FLORES           MARIA                         1        18571          000          000          000          000          000          000          000          000          000          000          000          000          000          000          000          000          000100%000%000%000%000%
200911 69872                         36900100669429                                                                                                        RAMOS               NINAJA              HERMELINDA CRISTINA           1        19164          000          000          000          000          000          000          000          000          000          000          000          000          000          000          000          000          000000%100%000%000%000%
200911 69872                         37300100497434                                                                                                        COA                 LUPACA              MARISOL                       1        15617          000          000          000          000          000          000          000          000          000          000          000          000          000          000          000          000          000000%100%000%000%000%
200911 69872                         37700100508692                                                                                                        QUISPE              PURAY               EDWIN WILIAM                  1         1983          000          000          000          000          000          000          000          000          000          000          000          000          000          000          000          000          000100%000%000%000%000%
200911 69872                         38300100427544                                                                                                        ARCAYA              VIZCACHO            MARIA ELENA                   1         2387          000          000          000          000          000          000          000          000          000          000          000          000          000          000          000          000          000100%000%000%000%000%
200911 69872                         39100100476649                                                                                                        PALACIOS            AMABLE              ANGELA DEANIRA                1         2523          000          000          000          000          000          000          000          000          000          000          000          000          000          000          000          000          000100%000%000%000%000%
200911 69872                         39200100406966                                                                                                        MAQUERA             FLORES              MARTA MELCHORA                1        16202          000          000          000          000          000          000          000          000          000          000          000          000          000          000          000          000          000084%016%000%000%000%
200911 69872                         40200143916668                                                                                                        HUAMANI             MAMANI              ESTELA DEL ROSARIO            1         6866          000          000          000          000          000          000          000          000          000          000          000          000          000          000          000          000          000100%000%000%000%000%
200911 69872                         40500100442001                                                                                                        CANO                MAMANI              MARLENY                       1         5997          000          000          000          000          000          000          000          000          000          000          000          000          000          000          000          000          000100%000%000%000%000%
200911 69872                         40600129635961                                                                                                        QUISPE              ENCARNACION DORA    HUAYTA                        1         3906          000          000          000          000          000          000          000          000          000          000          000          000          000          000          000          000          000100%000%000%000%000%
200911 69872                         42200145720941                                                                                                        DURAN               VILLAGARCIA         CINDY                         1         4036          000          000          000          000          000          000          000          000          000          000          000          000          000          000          000          000          000100%000%000%000%000%
200911 69872                         42800143152572                                                                                                        QUISPE              QUISPE              RUTH VASTHY                   1         8028          000          000          000          000          000          000          000          000          000          000          000          000          000          000          000          000          000100%000%000%000%000%
200911 69872                         42900142664161                                                                                                        GERONIMO            RAMOS               KARINA LIZBETH                1        11902          000          000          000          000          000          000          000          000          000          000          000          000          000          000          000          000          000100%000%000%000%000%
200911 69872                         44100100511514                                                                                                        MAMANI              MAMANI              LUZ MARINA                    1          989          000          000          000          000          000          000          000          000          000          000          000          000          000          000          000          000          000100%000%000%000%000%
200911 69872                         44300115613179                                                                                                        HIJAR               LOPEZ               MARIA ELENA                   1         3669          000          000          000          000          000          000          000          000          000          000          000          000          000          000          000          000          000100%000%000%000%000%
200911 69872                         44400100518399                                                                                                        CALIZAYA            DE HUACCA           CARMEN                        1         4923          000          000          000          000          000          000          000          000          000          000          000          000          000          000          000          000          000100%000%000%000%000%
200911 69872                         44500100428597                                                                                                        NOA                 CHUQUIVILCA         MIRIAN                        1         4923          000          000          000          000          000          000          000          000          000          000          000          000          000          000          000          000          000100%000%000%000%000%
200911 69872                         44700100400080                                                                                                        CHAMBE              QUIÑONES           VIOLETA MARIA                 1         9847          000          000          000          000          000          000          000          000          000          000          000          000          000          000          000          000          000100%000%000%000%000%
