200909 69872                           100102702588                                                                                                        LOPEZ               MORANTE             SEGUNDO WILFREDO              1         3304          000          000          000          000          000          000          000          000          000          000          000          000          000          000          000          000          000100%000%000%000%000%
200909 69872                           200100797926                                                                                                        GAMBOA              KOEL                DELFOR YGNACIO                1          000          000          000          000          000          000          000          000          000          000          000          000          000          000          000          000          000          000100%000%000%000%000%
200909 69872                           300103693127                                                                                                        HIDALGO             HUIMAN              LUZ ANGELICA                  1          000          000          000          000          000          000          000          000          000          000          000          000          000          000          000          000          000          000100%000%000%000%000%
200909 69872                           400129680627                                                                                                        HIDALGO             HUIMAN              EDIT FLORA                    1          000          000          000          000          000          000          000          000          000          000          000          000          000          000          000          000          000          000100%000%000%000%000%
200909 69872                           800100461228                                                                                                        RIOS                DE ALVARES          JULIA GERARDA                 1          000          000          000          000          000          000          000          000          000          000          000          000          000          000          000          000          000          000100%000%000%000%000%
200909 69872                          1100142328819                                                                                                        MAMANI              LUQUE               CARLOS FREDY                  1        29010          000          000          000          000          000          000          000          000          000          000          000          000          000          000          000          000          000000%000%000%000%100%
200909 69872                          1200100420188                                                                                                        PARI                DELGADO             JUAN JORGE                    1          000          000          000          000          000          000          000          000          000          000          000          000          000          000          000          000          000          000100%000%000%000%000%
200909 69872                          1300100470882                                                                                                        ESPINOZA            CCORI               JOSE JULIO                    1          000          000          000          000          000          000          000          000          000          000          000          000          000          000          000          000          000          000100%000%000%000%000%
200909 69872                          1400100508593                                                                                                        LIMACHI             CHUCUYA             LIDIA LOURDES                 1        62310          000          000          000          000          000          000          000          000          000          000          000          000          000          000          000          000          000015%022%020%020%023%
200909 69872                          1500144795011                                                                                                        LOPEZ               HIDALGO             JONATHAN ARTHUR               1         3446          000          000          000          000          000          000          000          000          000          000          000          000          000          000          000          000          000100%000%000%000%000%
200909 69872                          1900100473935                                                                                                        PALACIOS            PIMENTEL            CARMEN ROSA                   1       117479          000          000          000          000          000          000          000          000          000          000          000          000          000          000          000          000          000016%014%014%014%042%
200909 69872                          2000180296024                                                                                                        MAMANI              NINA                LEONOR YRIS                   1        30019          000          000          000          000          000          000          000          000          000          000          000          000          000          000          000          000          000000%000%000%000%100%
200909 69872                          2300142941115                                                                                                        CHAPARRO            HUAYNA              PACIANA SOLEDAD               1        42655          000          000          000          000          000          000          000          000          000          000          000          000          000          000          000          000          000034%031%029%006%000%
200909 69872                          2400110249686                                                                                                        LOPEZ               ESPINOZA            LUIS ANTONIO                  1         7414          000          000          000          000          000          000          000          000          000          000          000          000          000          000          000          000          000100%000%000%000%000%
200909 69872                          2600100790164                                                                                                        QUISPE              CAPA                EVANGELINA                    1        24415          000          000          000          000          000          000          000          000          000          000          000          000          000          000          000          000          000000%000%000%000%100%
200909 69872                          2700100443765                                                                                                        CALDERON            CARAZAS             KARINA                        1        26201          000          000          000          000          000          000          000          000          000          000          000          000          000          000          000          000          000000%000%000%000%100%
200909 69872                          3200100497207                                                                                                        HUALLPA             ACHO                DOROTEA                       1         8784          000          000          000          000          000          000          000          000          000          000          000          000          000          000          000          000          000100%000%000%000%000%
200909 69872                          3600101240153                                                                                                        CUTIPA              DE MARCA            MODESTA                       1          000          000          000          000          000          000          000          000          000          000          000          000          000          000          000          000          000          000100%000%000%000%000%
200909 69872                          3700100432448                                                                                                        PONGO DE LAURA      --                  PAULINA DIONICIA              1          000          000          000          000          000          000          000          000          000          000          000          000          000          000          000          000          000          000100%000%000%000%000%
200909 69872                          3900144072514                                                                                                        QUISPE              AYCA                LUIS FRED                     1          000          000          000          000          000          000          000          000          000          000          000          000          000          000          000          000          000          000100%000%000%000%000%
200909 69872                          4000100486540                                                                                                        RIVERA              MALDONADO           LOURDES JULIANA               1         3858          000          000          000          000          000          000          000          000          000          000          000          000          000          000          000          000          000100%000%000%000%000%
200909 69872                          4100100486605                                                                                                        LUPACA              QUISPE              FORTUNATA                     1        16929          000          000          000          000          000          000          000          000          000          000          000          000          000          000          000          000          000100%000%000%000%000%
200909 69872                          4200100434861                                                                                                        VANEGAS             APAZA               EUSEBIA                       1        40693          000          000          000          000          000          000          000          000          000          000          000          000          000          000          000          000          000000%000%000%000%100%
200909 69872                          4300100409593                                                                                                        MAMANI              AYCA                LOURDES GUILLERMINA           1         2898          000          000          000          000          000          000          000          000          000          000          000          000          000          000          000          000          000000%000%100%000%000%
200909 69872                          4600100442693                                                                                                        MAMANI              FLORES              CESAR ARMANDO                 1        30144          000          000          000          000          000          000          000          000          000          000          000          000          000          000          000          000          000000%000%000%000%100%
200909 69872                          4900141434137                                                                                                        HUALPA              MAMANI              NELLY BERTHA                  1         1142          000          000          000          000          000          000          000          000          000          000          000          000          000          000          000          000          000100%000%000%000%000%
200909 69872                          5000100407579                                                                                                        LAQUI               LAQUI               FELISA                        1          000          000          000          000          000          000          000          000          000          000          000          000          000          000          000          000          000          000100%000%000%000%000%
200909 69872                          5100145116990                                                                                                        MAMANI              GUERRERO            MELISSA EVELYN                1        66694          000          000          000          000          000          000          000          000          000          000          000          000          000          000          000          000          000000%000%000%000%100%
200909 69872                          5200145115769                                                                                                        LAYME               CHAMBILLA           SONIA                         1        11613          000          000          000          000          000          000          000          000          000          000          000          000          000          000          000          000          000000%000%000%000%100%
200909 69872                          5400100400399                                                                                                        CONDORI             RAMOS               DELFINA                       1          000          000          000          000          000          000          000          000          000          000          000          000          000          000          000          000          000          000100%000%000%000%000%
200909 69872                          5500140195169                                                                                                        COAQUIRA            TICONA              VILMA                         1        18889          000          000          000          000          000          000          000          000          000          000          000          000          000          000          000          000          000100%000%000%000%000%
200909 69872                          5700105292246                                                                                                        ARMAS               VELA                ROCIO DEL PILAR               1        35340          000          000          000          000          000          000          000          000          000          000          000          000          000          000          000          000          000060%040%000%000%000%
200909 69872                          5800142374713                                                                                                        MAMANI              LARICO              GLADYS BERTHA                 1        13745          000          000          000          000          000          000          000          000          000          000          000          000          000          000          000          000          000000%000%000%000%100%
200909 69872                          5900142502780                                                                                                        TUSO                QUISPE              MARIA ISABEL                  1          000          000          000          000          000          000          000          000          000          000          000          000          000          000          000          000          000          000100%000%000%000%000%
200909 69872                          6000100793874                                                                                                        GUTIERREZ           GAURACHI            JUAN ADOLFO                   1        59100          000          000          000          000          000          000          000          000          000          000          000          000          000          000          000          000          000000%000%015%074%011%
200909 69872                          6200129547982                                                                                                        CASTILLO            APAZA               OTILIA                        1        30568          000          000          000          000          000          000          000          000          000          000          000          000          000          000          000          000          000100%000%000%000%000%
200909 69872                          6300100453681                                                                                                        ONTIVEROS           DE YUCRA            ELBA BRUNILDA                 1         1298          000          000          000          000          000          000          000          000          000          000          000          000          000          000          000          000          000100%000%000%000%000%
200909 69872                          6400100505849                                                                                                        SEVARIO             ANQUISE             LIDIA                         1          000          000          000          000          000          000          000          000          000          000          000          000          000          000          000          000          000          000100%000%000%000%000%
200909 69872                          6500100491667                                                                                                        CENTON              ALAVE               ANA MARIA                     1        10437          000          000          000          000          000          000          000          000          000          000          000          000          000          000          000          000          000100%000%000%000%000%
200909 69872                          6600100506176                                                                                                        COTRADO             RAMOS               SUSANA                        1         2769          000          000          000          000          000          000          000          000          000          000          000          000          000          000          000          000          000000%000%000%033%067%
200909 69872                          6700100493056                                                                                                        PALACIOS            SARMIENTO           ELFREN ANTONIO                1        12752          000          000          000          000          000          000          000          000          000          000          000          000          000          000          000          000          000100%000%000%000%000%
200909 69872                          6800100442157                                                                                                        PARI                MENA                FELIX ISAIAS                  1          000          000          000          000          000          000          000          000          000          000          000          000          000          000          000          000          000          000100%000%000%000%000%
200909 69872                          7100107518227                                                                                                        LORA                LEGUIA              JUAN JOSE                     1        15653          000          000          000          000          000          000          000          000          000          000          000          000          000          000          000          000          000000%000%100%000%000%
200909 69872                          7300100485628                                                                                                        VARGAS              DE ESCOBAR          FLORIANA                      1         9138          000          000          000          000          000          000          000          000          000          000          000          000          000          000          000          000          000100%000%000%000%000%
200909 69872                          7400145827632                                                                                                        ARRIAGA             DEL CARPIO          RODRIGO PERCY                 1        99981          000          000          000          000          000          000          000          000          000          000          000          000          000          000          000          000          000000%000%033%054%013%
200909 69872                          7500101327697                                                                                                        AQUISE              COLQUE              ABAD SIMEON                   1        37352          000          000          000          000          000          000          000          000          000          000          000          000          000          000          000          000          000100%000%000%000%000%
200909 69872                          7600100482957                                                                                                        HUALLPA             CHOQUECOTA          CAYETANA                      1        39624          000          000          000          000          000          000          000          000          000          000          000          000          000          000          000          000          000000%018%058%024%000%
200909 69872                          7700145401834                                                                                                        LIMA                HUANACUNI           RUBEN ANTHONY                 1          000          000          000          000          000          000          000          000          000          000          000          000          000          000          000          000          000          000100%000%000%000%000%
200909 69872                          8100141815635                                                                                                        QUISPE              ALAVE               SERGIO                        1         7122          000          000          000          000          000          000          000          000          000          000          000          000          000          000          000          000          000100%000%000%000%000%
200909 69872                          8200144351570                                                                                                        LAURA               TARQUI              URSULA                        1         6541          000          000          000          000          000          000          000          000          000          000          000          000          000          000          000          000          000100%000%000%000%000%
200909 69872                          8500145170742                                                                                                        MIRANDA             ALIAGA              ABEL WILFREDO                 1        45006          000          000          000          000          000          000          000          000          000          000          000          000          000          000          000          000          000000%000%000%000%100%
200909 69872                          9100101869832                                                                                                        CHAMBILLA           CONDORI             ROXANA                        1         1573          000          000          000          000          000          000          000          000          000          000          000          000          000          000          000          000          000100%000%000%000%000%
200909 69872                          9200100462069                                                                                                        CCONCORI            TINTAYA             CELESTINA                     1         2883          000          000          000          000          000          000          000          000          000          000          000          000          000          000          000          000          000000%000%100%000%000%
200909 69872                          9300101541319                                                                                                        MAMANI              MAMANI              JULIANA                       1          000          000          000          000          000          000          000          000          000          000          000          000          000          000          000          000          000          000100%000%000%000%000%
200909 69872                          9400100522347                                                                                                        CHURA               TRUJILLO            JUAN                          1          000          000          000          000          000          000          000          000          000          000          000          000          000          000          000          000          000          000100%000%000%000%000%
200909 69872                          9700100509657                                                                                                        TICONA              GUZMAN              JESUS FORTUNATO               1          000          000          000          000          000          000          000          000          000          000          000          000          000          000          000          000          000          000100%000%000%000%000%
200909 69872                          9900145362212                                                                                                        VARGAS              ESPINOZA            NOHELY CONNY                  1          677          000          000          000          000          000          000          000          000          000          000          000          000          000          000          000          000          000100%000%000%000%000%
200909 69872                         10000100470272                                                                                                        JOAQUIN             CALIZAYA            BENILDA MODESTA               1          000          000          000          000          000          000          000          000          000          000          000          000          000          000          000          000          000          000100%000%000%000%000%
200909 69872                         10100100491108                                                                                                        GUTIERREZ           FIGUEROA            GABRIEL                       1        82208          000          000          000          000          000          000          000          000          000          000          000          000          000          000          000          000          000050%050%000%000%000%
200909 69872                         10300129558112                                                                                                        PAREDES             RAMOS               EDWIN TIMOTEO                 1         5804          000          000          000          000          000          000          000          000          000          000          000          000          000          000          000          000          000100%000%000%000%000%
200909 69872                         10400100408594                                                                                                        CAMA                OSCAMAYTA           FREDDY                        1          000          000          000          000          000          000          000          000          000          000          000          000          000          000          000          000          000          000100%000%000%000%000%
200909 69872                         10500100508366                                                                                                        TURPO               MAQUERA             ABRAHAN MIGUEL                1          000          000          000          000          000          000          000          000          000          000          000          000          000          000          000          000          000          000100%000%000%000%000%
200909 69872                         10900144985843                                                                                                        RAMOS               CALDERON            NORMA                         1        14788          000          000          000          000          000          000          000          000          000          000          000          000          000          000          000          000          000000%000%000%000%100%
200909 69872                         11400108856681                                                                                                        GALLEGOS            CACERES VDA DE HUAMAELISA                         1         2814          000          000          000          000          000          000          000          000          000          000          000          000          000          000          000          000          000100%000%000%000%000%
200909 69872                         11700141985456                                                                                                        CHOQUE              RAMOS               MARIA DEL CARMEN              1          000          000          000          000          000          000          000          000          000          000          000          000          000          000          000          000          000          000100%000%000%000%000%
200909 69872                         12200100403265                                                                                                        VILLANUEVA          TAPIA               NICOLAS TOMAS                 1         3233          000          000          000          000          000          000          000          000          000          000          000          000          000          000          000          000          000100%000%000%000%000%
200909 69872                         12300104437016                                                                                                        GUTIERREZ           VILCA               NORMA SOFIA                   1          000          000          000          000          000          000          000          000          000          000          000          000          000          000          000          000          000          000100%000%000%000%000%
200909 69872                         12400129214083                                                                                                        PAUCAR              ARCE                MIRIAN                        1         2846          000          000          000          000          000          000          000          000          000          000          000          000          000          000          000          000          000000%000%100%000%000%
200909 69872                         12700100440232                                                                                                        MAQUERA             LLANOS              TEODORO                       1         8886          000          000          000          000          000          000          000          000          000          000          000          000          000          000          000          000          000100%000%000%000%000%
200909 69872                         13000100474973                                                                                                        ARIAS               TEJADA              GERMAN SULPICIO               1          000          000          000          000          000          000          000          000          000          000          000          000          000          000          000          000          000          000100%000%000%000%000%
200909 69872                         13100100443790                                                                                                        HUARICALLO          CHAMBILLA           JACQUELINE LORENA             1          000          000          000          000          000          000          000          000          000          000          000          000          000          000          000          000          000          000100%000%000%000%000%
200909 69872                         13300106667503                                                                                                        ESTEVEZ             FUENTES             PERCY YVAN                    1          000          000          000          000          000          000          000          000          000          000          000          000          000          000          000          000          000          000100%000%000%000%000%
200909 69872                         13700100498596                                                                                                        LAURA               QUISPE              LOURDES MARISOL               1        16445          000          000          000          000          000          000          000          000          000          000          000          000          000          000          000          000          000100%000%000%000%000%
200909 69872                         13900141539917                                                                                                        FERNANDEZ           PALZA               MIGUEL ANGEL                  1          000          000          000          000          000          000          000          000          000          000          000          000          000          000          000          000          000          000100%000%000%000%000%
200909 69872                         14100129659989                                                                                                        QUISPE              ALAVE               MARIA                         1          000          000          000          000          000          000          000          000          000          000          000          000          000          000          000          000          000          000100%000%000%000%000%
200909 69872                         14200100433670                                                                                                        CHURA               MAMANI              ELOY ISSAC                    1         -357          000          000          000          000          000          000          000          000          000          000          000          000          000          000          000          000          000100%000%000%000%000%
200909 69872                         14500100508938                                                                                                        MAMANI              DE ROBLES           MARTINA                       1        42157          000          000          000          000          000          000          000          000          000          000          000          000          000          000          000          000          000000%000%000%000%100%
200909 69872                         14600100447876                                                                                                        CALUMANI            QUISPE              VICENTE                       1        61069          000          000          000          000          000          000          000          000          000          000          000          000          000          000          000          000          000000%000%000%000%100%
200909 69872                         14800143800687                                                                                                        COLLADO             PARI                JUAN JOSE                     1          000          000          000          000          000          000          000          000          000          000          000          000          000          000          000          000          000          000100%000%000%000%000%
200909 69872                         14900100403371                                                                                                        MAMANI              AYALA               OLIVIA                        1          000          000          000          000          000          000          000          000          000          000          000          000          000          000          000          000          000          000100%000%000%000%000%
200909 69872                         15000144723190                                                                                                        QUISPE              PALOMINO            JULIO CESAR                   1         4274          000          000          000          000          000          000          000          000          000          000          000          000          000          000          000          000          000000%000%000%000%100%
200909 69872                         15200180567708                                                                                                        LINAREZ             MIRANDA             ANGEL JAVIER                  1         9466          000          000          000          000          000          000          000          000          000          000          000          000          000          000          000          000          000100%000%000%000%000%
200909 69872                         154001000486060                                                                                                       CHOQUE              PARIA               RUTH ASUNTA                   1          000          000          000          000          000          000          000          000          000          000          000          000          000          000          000          000          000          000100%000%000%000%000%
200909 69872                         15500100479892                                                                                                        APAZA               COPAJA              ROSA                          1         3500          000          000          000          000          000          000          000          000          000          000          000          000          000          000          000          000          000100%000%000%000%000%
200909 69872                         15700100438410                                                                                                        CORDOVA             JIMENEZ             GUILLERMINA                   1          000          000          000          000          000          000          000          000          000          000          000          000          000          000          000          000          000          000100%000%000%000%000%
200909 69872                         15800100488959                                                                                                        TACORA              PARI                ASELA NORMA                   1          000          000          000          000          000          000          000          000          000          000          000          000          000          000          000          000          000          000100%000%000%000%000%
200909 69872                         15900116007240                                                                                                        COLAN               CORTEZ              JUAN OSCAR                    1       114860          000          000          000          000          000          000          000          000          000          000          000          000          000          000          000          000          0000-1%000%008%051%042%
200909 69872                         16000119836760                                                                                                        ESPINOZA            GASPAR              JULIANA                       1         4147          000          000          000          000          000          000          000          000          000          000          000          000          000          000          000          000          000100%000%000%000%000%
200909 69872                         16100100412810                                                                                                        MELENDEZ            SALMON              CESAR OMAR                    1        90612          000          000          000          000          000          000          000          000          000          000          000          000          000          000          000          000          000055%045%000%000%000%
200909 69872                         16400143101831                                                                                                        MAMANI              LLANOS              WILSON                        1        24317          000          000          000          000          000          000          000          000          000          000          000          000          000          000          000          000          000088%012%000%000%000%
200909 69872                         16500100510186                                                                                                        CANDIA              AGUILAR             CARMEN JULIA                  1         1880          000          000          000          000          000          000          000          000          000          000          000          000          000          000          000          000          000100%000%000%000%000%
200909 69872                         16700146537043                                                                                                        FLORES              LLANOS              WILLIAM FELIX                 1         3666          000          000          000          000          000          000          000          000          000          000          000          000          000          000          000          000          000100%000%000%000%000%
200909 69872                         17000100497947                                                                                                        MEDINA              GUZMAN              EDWARD RENE                   1          000          000          000          000          000          000          000          000          000          000          000          000          000          000          000          000          000          000100%000%000%000%000%
200909 69872                         17300100664535                                                                                                        FLORES              SANCA DE PACCI      MARTINA                       1          000          000          000          000          000          000          000          000          000          000          000          000          000          000          000          000          000          000100%000%000%000%000%
200909 69872                         17600100520926                                                                                                        MAMANI              MAMANI              DEMETRIO                      1          000          000          000          000          000          000          000          000          000          000          000          000          000          000          000          000          000          000100%000%000%000%000%
200909 69872                         17700100797439                                                                                                        GUTIERREZ           VILCA               ESMELDA JUANA                 1          000          000          000          000          000          000          000          000          000          000          000          000          000          000          000          000          000          000100%000%000%000%000%
200909 69872                         17800100520675                                                                                                        RAMOS               LIMACHI             OLGA BEATRIZ                  1          000          000          000          000          000          000          000          000          000          000          000          000          000          000          000          000          000          000100%000%000%000%000%
200909 69872                         18000100489724                                                                                                        SARDON              CACASACA            ALBERTO                       1          491          000          000          000          000          000          000          000          000          000          000          000          000          000          000          000          000          000100%000%000%000%000%
200909 69872                         18100100438037                                                                                                        VELIS               FLORES              ALEJANDRO                     1          000          000          000          000          000          000          000          000          000          000          000          000          000          000          000          000          000          000100%000%000%000%000%
200909 69872                         18200100460467                                                                                                        MAITA               DE NOGUERA          ROSA ROSALIA                  1          000          000          000          000          000          000          000          000          000          000          000          000          000          000          000          000          000          000100%000%000%000%000%
200909 69872                         18400100491983                                                                                                        MAMANI              MENDOZA             CIRILO                        1         1586          000          000          000          000          000          000          000          000          000          000          000          000          000          000          000          000          000100%000%000%000%000%
200909 69872                         18600100441534                                                                                                        OSACANE             HUANACUNE           ANDRES                        1          000          000          000          000          000          000          000          000          000          000          000          000          000          000          000          000          000          000100%000%000%000%000%
200909 69872                         18700100492970                                                                                                        ALLAZO              VARGAS              ROCIO TERESA                  1          000          000          000          000          000          000          000          000          000          000          000          000          000          000          000          000          000          000100%000%000%000%000%
200909 69872                         19000100438449                                                                                                        PARI                DE HUALPA           CASIMIRA                      1         8859          000          000          000          000          000          000          000          000          000          000          000          000          000          000          000          000          000000%000%000%000%100%
200909 69872                         19100140533845                                                                                                        HUALLPA             PARI                NOEMI REBECA                  1        14760          000          000          000          000          000          000          000          000          000          000          000          000          000          000          000          000          000000%000%000%000%100%
200909 69872                         19300144794109                                                                                                        APAZA               CUELA               LUIS ALBERTO                  1          000          000          000          000          000          000          000          000          000          000          000          000          000          000          000          000          000          000100%000%000%000%000%
200909 69872                         19400140461886                                                                                                        PACO                FLORES              MARINA MARGARITA              1          000          000          000          000          000          000          000          000          000          000          000          000          000          000          000          000          000          000100%000%000%000%000%
200909 69872                         19800100447375                                                                                                        DAMIAN              CHINO               CESAR                         1         2739          000          000          000          000          000          000          000          000          000          000          000          000          000          000          000          000          000100%000%000%000%000%
200909 69872                         20100100422116                                                                                                        TURPO               CONDORI             VICENTE DIONICIO              1         1777          000          000          000          000          000          000          000          000          000          000          000          000          000          000          000          000          000100%000%000%000%000%
200909 69872                         20200100488130                                                                                                        FLORES              CLEMENTE            ADOLFO                        1        12533          000          000          000          000          000          000          000          000          000          000          000          000          000          000          000          000          000100%000%000%000%000%
200909 69872                         20300141051958                                                                                                        LLANOS              HUANACUNE           ELIZABETH CIRIA               1        43637          000          000          000          000          000          000          000          000          000          000          000          000          000          000          000          000          000000%056%044%000%000%
200909 69872                         20400143137682                                                                                                        COTRADO             AGUILAR             JHONY                         1        26004          000          000          000          000          000          000          000          000          000          000          000          000          000          000          000          000          000000%027%073%000%000%
200909 69872                         20600100512556                                                                                                        MEDEROS             RODRIGUEZ           MILKO RONALD                  1        15984          000          000          000          000          000          000          000          000          000          000          000          000          000          000          000          000          000100%000%000%000%000%
200909 69872                         20700100518281                                                                                                        GUTIERREZ           ACUA              DAVID                         1          000          000          000          000          000          000          000          000          000          000          000          000          000          000          000          000          000          000100%000%000%000%000%
200909 69872                         20800180031332                                                                                                        LOPEZ               ARANGO              ANA                           1        12450          000          000          000          000          000          000          000          000          000          000          000          000          000          000          000          000          000100%000%000%000%000%
200909 69872                         21000100484633                                                                                                        INCACUTIPA          JINEZ               ELENA                         1         1621          000          000          000          000          000          000          000          000          000          000          000          000          000          000          000          000          000100%000%000%000%000%
200909 69872                         21100100508067                                                                                                        YUCRA               MANZANO             BEATRIZ                       1         2980          000          000          000          000          000          000          000          000          000          000          000          000          000          000          000          000          000100%000%000%000%000%
200909 69872                         21400128266403                                                                                                        FERNANDEZ           HUARIPOMA           HUGO EDMUNDO                  1          191          000          000          000          000          000          000          000          000          000          000          000          000          000          000          000          000          000100%000%000%000%000%
200909 69872                         21600100417289                                                                                                        LLOQUE              DE IQUIRA           CARMEN TERESA                 1         5071          000          000          000          000          000          000          000          000          000          000          000          000          000          000          000          000          000100%000%000%000%000%
200909 69872                         22000144845380                                                                                                        NOGUERA             MAYTA               ELSA AIDE                     1          000          000          000          000          000          000          000          000          000          000          000          000          000          000          000          000          000          000100%000%000%000%000%
200909 69872                         22100100790032                                                                                                        PORTUGAL            TAPIA               JESUS ANGEL                   1          000          000          000          000          000          000          000          000          000          000          000          000          000          000          000          000          000          000100%000%000%000%000%
200909 69872                         22200100467549                                                                                                        ZUIGA             GONZALEZ            FREDDY WALTER                 1         1086          000          000          000          000          000          000          000          000          000          000          000          000          000          000          000          000          000100%000%000%000%000%
200909 69872                         22400100500310                                                                                                        HUACCA              VELASQUEZ           AGUSTIN                       1          000          000          000          000          000          000          000          000          000          000          000          000          000          000          000          000          000          000100%000%000%000%000%
200909 69872                         22500100662209                                                                                                        CARDENAS            ARIAS               ANIVAL ARMANDO                1          000          000          000          000          000          000          000          000          000          000          000          000          000          000          000          000          000          000100%000%000%000%000%
200909 69872                         22800180221679                                                                                                        TORRES              CUSACANI            FREDY LUCIO                   1        60001          000          000          000          000          000          000          000          000          000          000          000          000          000          000          000          000          000000%000%000%080%020%
200909 69872                         23100100469859                                                                                                        PAREDES             CUSACANI            MARIA ELENA                   1         8865          000          000          000          000          000          000          000          000          000          000          000          000          000          000          000          000          000000%000%000%000%100%
200909 69872                         23200100414883                                                                                                        ZANGA               MARINO              JULIA                         1          000          000          000          000          000          000          000          000          000          000          000          000          000          000          000          000          000          000100%000%000%000%000%
200909 69872                         23300109825920                                                                                                        ARAMBURU            OLIVERA             FRIDA                         1        31228          000          000          000          000          000          000          000          000          000          000          000          000          000          000          000          000          000000%000%000%065%035%
200909 69872                         23500100508015                                                                                                        YAJA                GUTIERREZ           MANUEL                        1        15504          000          000          000          000          000          000          000          000          000          000          000          000          000          000          000          000          000100%000%000%000%000%
200909 69872                         23600110465779                                                                                                        IRCAAUPA          QUISPE              JUANA LUISA                   1          000          000          000          000          000          000          000          000          000          000          000          000          000          000          000          000          000          000100%000%000%000%000%
200909 69872                         24000100478018                                                                                                        URCUHUARANGA        POZO                VICTOR MANUEL                 1          000          000          000          000          000          000          000          000          000          000          000          000          000          000          000          000          000          000100%000%000%000%000%
200909 69872                         24200104436006                                                                                                        RIOS                DELGADO             FELIPA                        1          000          000          000          000          000          000          000          000          000          000          000          000          000          000          000          000          000          000100%000%000%000%000%
200909 69872                         24300106056023                                                                                                        GABANCHO            RAMIREZ             SERGIO SEVERO                 1        12654          000          000          000          000          000          000          000          000          000          000          000          000          000          000          000          000          000000%000%000%100%000%
200909 69872                         24700100664596                                                                                                        CALIZAYA            MAMANI              FLAVIO ESTANISLAO             1          000          000          000          000          000          000          000          000          000          000          000          000          000          000          000          000          000          000100%000%000%000%000%
200909 69872                         24800100439467                                                                                                        CHAMBILLA           CARDENAS            FLORA CELESTINA               1        20145          000          000          000          000          000          000          000          000          000          000          000          000          000          000          000          000          000000%000%089%011%000%
200909 69872                         24900100791391                                                                                                        ATENCIO             CCACASACA           ANTONIO                       1          000          000          000          000          000          000          000          000          000          000          000          000          000          000          000          000          000          000100%000%000%000%000%
200909 69872                         25100180184068                                                                                                        RIVERA              MAMANI              TEODORA                       1          000          000          000          000          000          000          000          000          000          000          000          000          000          000          000          000          000          000100%000%000%000%000%
200909 69872                         25200100793547                                                                                                        LLICLLA             CHAMBILLA           JULIO RAMON                   1          000          000          000          000          000          000          000          000          000          000          000          000          000          000          000          000          000          000100%000%000%000%000%
200909 69872                         25300100453092                                                                                                        PARI                MACHACA             SABINA DINA                   1         1205          000          000          000          000          000          000          000          000          000          000          000          000          000          000          000          000          000100%000%000%000%000%
200909 69872                         25500104640352                                                                                                        MAZUELOS            SANCHEZ             LUIS ALBERTO                  1          000          000          000          000          000          000          000          000          000          000          000          000          000          000          000          000          000          000100%000%000%000%000%
200909 69872                         26100140054035                                                                                                        TAPIA               ROMERO              INGRID                        1          545          000          000          000          000          000          000          000          000          000          000          000          000          000          000          000          000          000100%000%000%000%000%
200909 69872                         26300100492028                                                                                                        CARDENAS            AMEZQUITA           GABRIEL RAMIRO                1          000          000          000          000          000          000          000          000          000          000          000          000          000          000          000          000          000          000100%000%000%000%000%
200909 69872                         26400100420569                                                                                                        ELIAS               PALOMAR             JUAN ATILIO                   1        11277          000          000          000          000          000          000          000          000          000          000          000          000          000          000          000          000          000100%000%000%000%000%
200909 69872                         26500100412713                                                                                                        MOSTAJO             ZIRENA              MARIA FANNY                   1          000          000          000          000          000          000          000          000          000          000          000          000          000          000          000          000          000          000100%000%000%000%000%
200909 69872                         26600143982361                                                                                                        PEDRAZA             ARPASI              DANITZA                       1          000          000          000          000          000          000          000          000          000          000          000          000          000          000          000          000          000          000100%000%000%000%000%
200909 69872                         26700100467687                                                                                                        QUISPE              COLQUE              GUADALUPE ANDREA              1        10490          000          000          000          000          000          000          000          000          000          000          000          000          000          000          000          000          000100%000%000%000%000%
200909 69872                         26800140673149                                                                                                        PACCO               FLORES              HERMELINDA                    1          000          000          000          000          000          000          000          000          000          000          000          000          000          000          000          000          000          000100%000%000%000%000%
200909 69872                         27000100511190                                                                                                        VILLANUEVA CORNEJO  -                   MAIA VALENTINA                1          000          000          000          000          000          000          000          000          000          000          000          000          000          000          000          000          000          000100%000%000%000%000%
200909 69872                         27200141952404                                                                                                        GUTIERREZ           GARCIA              WALTER VICTOR                 1          000          000          000          000          000          000          000          000          000          000          000          000          000          000          000          000          000          000100%000%000%000%000%
200909 69872                         27300100450616                                                                                                        VARGAS              GARCIA              JULIO MARIO                   1          000          000          000          000          000          000          000          000          000          000          000          000          000          000          000          000          000          000100%000%000%000%000%
200909 69872                         27400100488678                                                                                                        BARDALES            RODRIGUEZ           GARIN ALBERTO                 1          000          000          000          000          000          000          000          000          000          000          000          000          000          000          000          000          000          000100%000%000%000%000%
200909 69872                         27500100496727                                                                                                        SARDON              CHULA               PATRICIA SILVANA              1          000          000          000          000          000          000          000          000          000          000          000          000          000          000          000          000          000          000100%000%000%000%000%
200909 69872                         27600100791955                                                                                                        ZAVALA              ALIAGA              OSCAR EDUARDO                 1          000          000          000          000          000          000          000          000          000          000          000          000          000          000          000          000          000          000100%000%000%000%000%
200909 69872                         27700101845653                                                                                                        NEIRA               CALAMANI            CARLOS                        1          000          000          000          000          000          000          000          000          000          000          000          000          000          000          000          000          000          000100%000%000%000%000%
200909 69872                         28000126633318                                                                                                        SIGUENZA            MARQUINA            SABINA ROCIO                  1          000          000          000          000          000          000          000          000          000          000          000          000          000          000          000          000          000          000100%000%000%000%000%
200909 69872                         28100100497513                                                                                                        ALFEREZ             ARANCIBIA           ANTONIO MARTIN                1          000          000          000          000          000          000          000          000          000          000          000          000          000          000          000          000          000          000100%000%000%000%000%
200909 69872                         28400100444409                                                                                                        HUANACUNE           FRAQUITA            JAVIER OSCAR                  1          000          000          000          000          000          000          000          000          000          000          000          000          000          000          000          000          000          000100%000%000%000%000%
200909 69872                         28500100490442                                                                                                        CALDERON            ARANCIBIA           WILLIAN FERNANDO              1         1625          000          000          000          000          000          000          000          000          000          000          000          000          000          000          000          000          000100%000%000%000%000%
200909 69872                         28600100517658                                                                                                        CHAMBILLA           HUANACUNE           YANETT MARTINA                1          000          000          000          000          000          000          000          000          000          000          000          000          000          000          000          000          000          000100%000%000%000%000%
200909 69872                         28800100520875                                                                                                        QUISPE              QUISPE              HILARIO                       1          000          000          000          000          000          000          000          000          000          000          000          000          000          000          000          000          000          000100%000%000%000%000%
200909 69872                         29000100469200                                                                                                        MAMANI              CHURACUTIPA         CATALINA                      1        73583          000          000          000          000          000          000          000          000          000          000          000          000          000          000          000          000          000100%000%000%000%000%
200909 69872                         29100129501908                                                                                                        MACHACA             LIMA                JULIO MARTIN                  1        47910          000          000          000          000          000          000          000          000          000          000          000          000          000          000          000          000          000100%000%000%000%000%
200909 69872                         29400140768483                                                                                                        QUISPE              PACO                YESENIA ANGELA                1        14551          000          000          000          000          000          000          000          000          000          000          000          000          000          000          000          000          000029%071%000%000%000%
200909 69872                         29600100464693                                                                                                        NINA                NINAJA              MARIO                         1         2105          000          000          000          000          000          000          000          000          000          000          000          000          000          000          000          000          000100%000%000%000%000%
200909 69872                         29700141051700                                                                                                        MAQUERA             QUISPE              MARITZA ROXANA                1         2737          000          000          000          000          000          000          000          000          000          000          000          000          000          000          000          000          000100%000%000%000%000%
200909 69872                         30100100469816                                                                                                        DELGADO             -                   AURELIA LUZ                   1          000          000          000          000          000          000          000          000          000          000          000          000          000          000          000          000          000          000100%000%000%000%000%
200909 69872                         30900180335768                                                                                                        PRADO               PEREZ               GEORGE JULIO                  1        22424          000          000          000          000          000          000          000          000          000          000          000          000          000          000          000          000          000100%000%000%000%000%
200909 69872                         31200100423760                                                                                                        CONDE               DE QUISPE           PAULA                         1        12716          000          000          000          000          000          000          000          000          000          000          000          000          000          000          000          000          000100%000%000%000%000%
200909 69872                         31300100438341                                                                                                        COAQUIRA            MAMANI              FELIX                         1          840          000          000          000          000          000          000          000          000          000          000          000          000          000          000          000          000          000100%000%000%000%000%
200909 69872                         31500143149115                                                                                                        CAPIA               TICONA              RUYER ELOY                    1          000          000          000          000          000          000          000          000          000          000          000          000          000          000          000          000          000          000100%000%000%000%000%
200909 69872                         31600123854375                                                                                                        GAMIO               MONTESINOS          BORIS ALEXANDER               1         1258          000          000          000          000          000          000          000          000          000          000          000          000          000          000          000          000          000100%000%000%000%000%
200909 69872                         31700100460247                                                                                                        MAITA               .                   GODOFREDO SEGUNDO             1          000          000          000          000          000          000          000          000          000          000          000          000          000          000          000          000          000          000100%000%000%000%000%
200909 69872                         32000141272890                                                                                                        MALLMA              GOMEZ               LILIA MARUJA                  1         6359          000          000          000          000          000          000          000          000          000          000          000          000          000          000          000          000          000100%000%000%000%000%
200909 69872                         32300100795944                                                                                                        CHURA               ANCALLE             RAUL OSWALDO                  1          000          000          000          000          000          000          000          000          000          000          000          000          000          000          000          000          000          000100%000%000%000%000%
200909 69872                         32400100429746                                                                                                        DEL CAMPO           DE DEL PRATT        CARMEN ROSA                   1         1108          000          000          000          000          000          000          000          000          000          000          000          000          000          000          000          000          000100%000%000%000%000%
200909 69872                         32700100425023                                                                                                        GALDOS              RAMIREZ             MAXIMILIANO ALFREDO           1          000          000          000          000          000          000          000          000          000          000          000          000          000          000          000          000          000          000100%000%000%000%000%
200909 69872                         33100141308418                                                                                                        SARMIENTO           AQUINO              ELARDH                        1          000          000          000          000          000          000          000          000          000          000          000          000          000          000          000          000          000          000100%000%000%000%000%
200909 69872                         33600142914609                                                                                                        VARGAS              PATIO             JHAZMINA JUDITH               1         7061          000          000          000          000          000          000          000          000          000          000          000          000          000          000          000          000          000100%000%000%000%000%
200909 69872                         33900101211736                                                                                                        MAMANI              JARRO               FRANCISCO                     1        16398          000          000          000          000          000          000          000          000          000          000          000          000          000          000          000          000          000100%000%000%000%000%
200909 69872                         34000100417841                                                                                                        PEREZ               GOMEZ               NORAH JESUS                   1         1753          000          000          000          000          000          000          000          000          000          000          000          000          000          000          000          000          000100%000%000%000%000%
200909 69872                         34200100495401                                                                                                        HUARINO             PACSI               ROSA AGUSTINA                 1          000          000          000          000          000          000          000          000          000          000          000          000          000          000          000          000          000          000100%000%000%000%000%
200909 69872                         35000144207147                                                                                                        OVIEDO              SUAREZ              ANGELA MARIA                  1          991          000          000          000          000          000          000          000          000          000          000          000          000          000          000          000          000          000100%000%000%000%000%
200909 69872                         35100104622189                                                                                                        ROMERO              CHUQUIMIA DE TAPIA  MARGARITA SERGIA              1          000          000          000          000          000          000          000          000          000          000          000          000          000          000          000          000          000          000100%000%000%000%000%
200909 69872                         35200100431750                                                                                                        APAZA               DE MAMANI           SATURNINA                     1         3355          000          000          000          000          000          000          000          000          000          000          000          000          000          000          000          000          000100%000%000%000%000%
200909 69872                         35300143212187                                                                                                        CERVANTES           MAMANI              MAURICIO                      1         1980          000          000          000          000          000          000          000          000          000          000          000          000          000          000          000          000          000100%000%000%000%000%
200909 69872                         35400180458574                                                                                                        CHINO               MAMANI              OLGA                          1          000          000          000          000          000          000          000          000          000          000          000          000          000          000          000          000          000          000100%000%000%000%000%
200909 69872                         35500104749865                                                                                                        CONDORI             VALDIVIA            CARMEN DEL ROSARIO            1         1350          000          000          000          000          000          000          000          000          000          000          000          000          000          000          000          000          000100%000%000%000%000%
200909 69872                         35700100435861                                                                                                        NINA                QUISPE              JUANA                         1          000          000          000          000          000          000          000          000          000          000          000          000          000          000          000          000          000          000100%000%000%000%000%
200909 69872                         35800100498848                                                                                                        MENDOZA             MENDOZA             GENARO                        1        14675          000          000          000          000          000          000          000          000          000          000          000          000          000          000          000          000          000100%000%000%000%000%
200909 69872                         36000100425723                                                                                                        PONCE               PONCE               EUGENIO LUZGARDO              1          000          000          000          000          000          000          000          000          000          000          000          000          000          000          000          000          000          000100%000%000%000%000%
200909 69872                         36100100683768                                                                                                        TICONA              CALIZAYA            JUANA                         1         9476          000          000          000          000          000          000          000          000          000          000          000          000          000          000          000          000          000100%000%000%000%000%
200909 69872                         36200125640039                                                                                                        VALENCIA            PERALTA             JHONY                         1          000          000          000          000          000          000          000          000          000          000          000          000          000          000          000          000          000          000100%000%000%000%000%
200909 69872                         36600100420801                                                                                                        CHIRI               COPA                GLORIA RUBY                   1          000          000          000          000          000          000          000          000          000          000          000          000          000          000          000          000          000          000100%000%000%000%000%
200909 69872                         36800100441431                                                                                                        MAMANI              DE FLORES           MARIA                         1         2430          000          000          000          000          000          000          000          000          000          000          000          000          000          000          000          000          000100%000%000%000%000%
200909 69872                         36900100669429                                                                                                        RAMOS               NINAJA              HERMELINDA CRISTINA           1         6513          000          000          000          000          000          000          000          000          000          000          000          000          000          000          000          000          000100%000%000%000%000%
200909 69872                         37000141222131                                                                                                        FORA                INCACUTIPA          JUANA                         1         8180          000          000          000          000          000          000          000          000          000          000          000          000          000          000          000          000          000100%000%000%000%000%
200909 69872                         37100180157660                                                                                                        CCALLATA            AGUILAR             YENY                          1          000          000          000          000          000          000          000          000          000          000          000          000          000          000          000          000          000          000100%000%000%000%000%
200909 69872                         37200142473496                                                                                                        RIOJA               BERROSPI            ERICKA ADRIANA                1          000          000          000          000          000          000          000          000          000          000          000          000          000          000          000          000          000          000100%000%000%000%000%
200909 69872                         37300100497434                                                                                                        COA                 LUPACA              MARISOL                       1          881          000          000          000          000          000          000          000          000          000          000          000          000          000          000          000          000          000100%000%000%000%000%
200909 69872                         37400100426808                                                                                                        COLQUE              COILA               JUSTINA                       1         1467          000          000          000          000          000          000          000          000          000          000          000          000          000          000          000          000          000100%000%000%000%000%
200909 69872                         37700100508692                                                                                                        QUISPE              PURAY               EDWIN WILIAM                  1          000          000          000          000          000          000          000          000          000          000          000          000          000          000          000          000          000          000100%000%000%000%000%
200909 69872                         38000142282323                                                                                                        LUVE                MAMANI              ENRIQUE ALBERTO               1          000          000          000          000          000          000          000          000          000          000          000          000          000          000          000          000          000          000100%000%000%000%000%
200909 69872                         38200100465459                                                                                                        CHIQUI              DE PAUCAR           JULIA                         1          000          000          000          000          000          000          000          000          000          000          000          000          000          000          000          000          000          000100%000%000%000%000%
