200906 69872              2400000000002600100790164                                                                                                        QUISPE              CAPA                EVANGELINA                    1        24415          000          000        24415          000          000          000          000          000          000          000          000          000          000          000          000          000          000000%000%000%000%100%
200906 69872              4200000000004600100442693                                                                                                        MAMANI              FLORES              CESAR ARMANDO                 1        30144          000          000        30144          000          000          000          000          000          000          000          000          000          000          000          000          000          000000%000%000%000%100%
200906 69872              4800000000005200145115769                                                                                                        LAYME               CHAMBILLA           SONIA                         1        11613          000          000        11613          000          000          000          000          000          000          000          000          000          000          000          000          000          000000%000%000%000%100%
200906 69872             11300000000010900144985843                                                                                                        RAMOS               CALDERON            NORMA                         1        14788          000          000        14788          000          000          000          000          000          000          000          000          000          000          000          000          000          000000%000%000%000%100%
200906 69872             14700000000004200100434861                                                                                                        VANEGAS             APAZA               EUSEBIA                       1        40693          000          000        40693          000          000          000          000          000          000          000          000          000          000          000          000          000          000000%000%000%000%100%
200906 69872             15500000000002000180296024                                                                                                        MAMANI              NINA                LEONOR YRIS                   1        30019          000          000        30019          000          000          000          000          000          000          000          000          000          000          000          000          000          000000%000%000%000%100%
200906 69872             16200000000008500145170742                                                                                                        MIRANDA             ALIAGA              ABEL WILFREDO                 1        44084          000          000        44084          000          000          000          000          000          000          000          000          000          000          000          000          000          000000%000%000%000%100%
200906 69872             16500000000005100145116990                                                                                                        MAMANI              GUERRERO            MELISSA EVELYN                1        64429          000          000        64429          000          000          000          000          000          000          000          000          000          000          000          000          000          000000%000%000%028%072%
200906 69872             21500000000006600100506176                                                                                                        COTRADO             RAMOS               SUSANA                        1        14301          000          000        14301          000          000          000          000          000          000          000          000          000          000          000          000          000          000000%000%100%000%000%
200906 69872             28000000000019000100438449                                                                                                        PARI                DE HUALPA           CASIMIRA                      1         8859          000          000         8859          000          000          000          000          000          000          000          000          000          000          000          000          000          000000%000%000%100%000%
200906 69872             28300000000001900100473935                                                                                                        PALACIOS            PIMENTEL            CARMEN ROSA                   1        58370          000        16132        42238          000          000          000          000          000          000          000          000          000          000          000          000          000          000028%032%032%008%000%
200906 69872             29000000000014500100508938                                                                                                        MAMANI              DE ROBLES           MARTINA                       1        42146          000          000        42146          000          000          000          000          000          000          000          000          000          000          000          000          000          000000%000%000%066%034%
200906 69872             29400000000005800142374713                                                                                                        MAMANI              LARICO              GLADYS BERTHA                 1        18197          000          000        18197          000          000          000          000          000          000          000          000          000          000          000          000          000          000000%000%000%076%024%
200906 69872             31000000000014600100447876                                                                                                        CALUMANI            QUISPE              VICENTE                       1        61043          000          000        61043          000          000          000          000          000          000          000          000          000          000          000          000          000          000000%000%040%060%000%
200906 69872             34000000000001900100473935                                                                                                        PALACIOS            PIMENTEL            CARMEN ROSA                   1        34679          000          000        34679          000          000          000          000          000          000          000          000          000          000          000          000          000          000001%030%036%030%003%
200906 69872             35300000000023100100469859                                                                                                        PAREDES             CUSACANI            MARIA ELENA                   1         8865          000          000         8865          000          000          000          000          000          000          000          000          000          000          000          000          000          000000%000%100%000%000%
200906 69872             36100000000001106142328819                                                                                                        MAMANI              LUQUE               CARLOS FREDY                  1        29019          000          000        29019          000          000          000          000          000          000          000          000          000          000          000          000          000          000000%000%033%067%000%
200906 69872             36600000000002706100443765                                                                                                        CALDERON            CARAZAS             KARINA                        1        26201          000          000        26201          000          000          000          000          000          000          000          000          000          000          000          000          000          000000%000%067%033%000%
200906 69872             37600000000001400100508593                                                                                                        LIMACHI             CHUCUYA             LIDIA LOURDES                 1        41113          000        11480        29633          000          000          000          000          000          000          000          000          000          000          000          000          000          000029%032%030%009%000%
200906 69872             39200000000015000144723190                                                                                                        QUISPE              PALOMINO            JULIO CESAR                   1         6408          000          000         6408          000          000          000          000          000          000          000          000          000          000          000          000          000          000000%000%100%000%000%
200906 69872             40200000000012400129214083                                                                                                        PAUCAR              ARCE                MIRIAN                        1        13570          000         8513         5057          000          000          000          000          000          000          000          000          000          000          000          000          000          000063%037%000%000%000%
200906 69872             42600000000019106140533845                                                                                                        HUALLPA             PARI                NOEMI REBECA                  1        14760          000          000        14760          000          000          000          000          000          000          000          000          000          000          000          000          000          000000%000%100%000%000%
200906 69872             43300000000004306100409593                                                                                                        MAMANI              AYCA                LOURDES GUILLERMINA           1         4823          000         2898         1925          000          000          000          000          000          000          000          000          000          000          000          000          000          000060%040%000%000%000%
200906 69872             45100000000006000100793874                                                                                                        GUTIERREZ           GAURACHI            JUAN ADOLFO                   1        59108          000         2240        56868          000          000          000          000          000          000          000          000          000          000          000          000          000          000003%076%021%000%000%
200906 69872             46700000000008906100518327                                                                                                        MAMANI              QUISPE              ALBERTO                       1         4656          000          000         4656          000          000          000          000          000          000          000          000          000          000          000          000          000          000000%000%100%000%000%
200906 69872             47800000000007400145827632                                                                                                        ARRIAGA             DEL CARPIO          RODRIGO PERCY                 1       100019          000        25282        74737          000          000          000          000          000          000          000          000          000          000          000          000          000          000025%055%020%000%000%
200906 69872             48600000000015906116007240                                                                                                        COLAN               CORTEZ              JUAN OSCAR                    1       114860          000          000       114860          000          000          000          000          000          000          000          000          000          000          000          000          000          000000%051%047%002%000%
200906 69872             51800000000023306109825920                                                                                                        ARAMBURU            OLIVERA             FRIDA                         1        31226          000          000        31226          000          000          000          000          000          000          000          000          000          000          000          000          000          000000%048%052%000%000%
200906 69872             54000000000024306106056023                                                                                                        GABANCHO            RAMIREZ             SERGIO SEVERO                 1        12654          000          000        12654          000          000          000          000          000          000          000          000          000          000          000          000          000          000000%100%000%000%000%
200906 69872             55200000000011800100796159                                                                                                        CALCINA             YTO                 JOSE ANTONIO                  1         8655          000         8151          504          000          000          000          000          000          000          000          000          000          000          000          000          000          000100%000%000%000%000%
200906 69872             55400000000007600100482957                                                                                                        HUALLPA             CHOQUECOTA          CAYETANA                      1        45347          000        20759        24588          000          000          000          000          000          000          000          000          000          000          000          000          000          000047%051%002%000%000%
200906 69872             55800000000005706105292246                                                                                                        ARMAS               VELA                ROCIO DEL PILAR               1        42226          000        23129        19097          000          000          000          000          000          000          000          000          000          000          000          000          000          000055%045%000%000%000%
200906 69872             57300000000022800180221679                                                                                                        TORRES              CUSACANI            FREDY LUCIO                   1        60001          000          000        60001          000          000          000          000          000          000          000          000          000          000          000          000          000          000000%066%034%000%000%
200906 69872             57900000000011600140850879                                                                                                        JALANOCA            QUISPE              NELIDA                        1        12212          000        12212          000          000          000          000          000          000          000          000          000          000          000          000          000          000          000100%000%000%000%000%
200906 69872             59100000000006500100491667                                                                                                        CENTON              ALAVE               ANA MARIA                     1        22431          000         5285        17146          000          000          000          000          000          000          000          000          000          000          000          000          000          000024%076%000%000%000%
200906 69872             59700000000021100100508067                                                                                                        YUCRA               MANZANO             BEATRIZ                       1        27664          000        27664          000          000          000          000          000          000          000          000          000          000          000          000          000          000          000100%000%000%000%000%
200906 69872             60700000000024800100439467                                                                                                        CHAMBILLA           CARDENAS            FLORA CELESTINA               1        23641          000        14374         9267          000          000          000          000          000          000          000          000          000          000          000          000          000          000061%039%000%000%000%
200906 69872             61300000000002300142941115                                                                                                        CHAPARRO            HUAYNA              PACIANA SOLEDAD               1        16058          000        11129         4929          000          000          000          000          000          000          000          000          000          000          000          000          000          000071%029%000%000%000%
200906 69872             62700000000009200100462069                                                                                                        CCONDORI            TINTAYA             CELESTINA                     1         9414          000         9414          000          000          000          000          000          000          000          000          000          000          000          000          000          000          000100%000%000%000%000%
200906 69872             63700000000007100107518227                                                                                                        LORA                LEGUIA              JUAN JOSE                     1        15653          000         5212        10441          000          000          000          000          000          000          000          000          000          000          000          000          000          000033%067%000%000%000%
200906 69872             64800000000004900141434137                                                                                                        HUALPA              MAMANI              NELLY BERTHA                  1         1066          000          000         1066          000          000          000          000          000          000          000          000          000          000          000          000          000          000100%000%000%000%000%
200906 69872             66800000000028300140859277                                                                                                        MAMANI              QUISPE              LEONEL NESTOR                 1         2827          000         1493         1334          000          000          000          000          000          000          000          000          000          000          000          000          000          000100%000%000%000%000%
200906 69872             67500000000023900101297037                                                                                                        RODRIGUEZ           YAHUA               RONY ALBERTO                  1         2265          000          000         2265          000          000          000          000          000          000          000          000          000          000          000          000          000          000100%000%000%000%000%
200906 69872             67800000000024000100478018                                                                                                        URCUHUARANGA        POZO                VICTOR MANUEL                 1         2013          000          000         2013          000          000          000          000          000          000          000          000          000          000          000          000          000          000100%000%000%000%000%
200906 69872             68300000000022700100445970                                                                                                        ORTIZ               ORTEGA              LOURDES ELBA                  1        21855          000        20538         1317          000          000          000          000          000          000          000          000          000          000          000          000          000          000100%000%000%000%000%
200906 69872             68400000000003000141525941                                                                                                        PILCO               MELENDEZ            ORIANA DELMA                  1         8116          000         6836         1280          000          000          000          000          000          000          000          000          000          000          000          000          000          000100%000%000%000%000%
200906 69872             69000000000022900142955618                                                                                                        HALANOCCA           VILLAFUERTE         JESSICA IMELDA                1         7125          000         3568         3557          000          000          000          000          000          000          000          000          000          000          000          000          000          000100%000%000%000%000%
200906 69872             69600000000020800180031332                                                                                                        LOPEZ               ARANGO              ANA                           1        31238          000        28017         3221          000          000          000          000          000          000          000          000          000          000          000          000          000          000100%000%000%000%000%
200906 69872             69700000000020300141051958                                                                                                        LLANOS              HUANACUNE           ELIZABETH CIRIA               1        22622          000        21040         1582          000          000          000          000          000          000          000          000          000          000          000          000          000          000100%000%000%000%000%
200906 69872             70000000000020400143137682                                                                                                        COTRADO             AGUILAR             JHONY                         1        22417          000        20666         1751          000          000          000          000          000          000          000          000          000          000          000          000          000          000100%000%000%000%000%
200906 69872             70400000000013700100498596                                                                                                        LAURA               QUISPE              LOURDES MARISOL               1        21323          000        19730         1593          000          000          000          000          000          000          000          000          000          000          000          000          000          000100%000%000%000%000%
200906 69872             70600000000029000100469200                                                                                                        MAMANI              CHURACUTIPA         CATALINA                      1         5007          000         2618         2389          000          000          000          000          000          000          000          000          000          000          000          000          000          000100%000%000%000%000%
200906 69872             70800000000013100100443790                                                                                                        HUARICALLO          CHAMBILLA           JACQUELINE LORENA             1         1206          000          000         1206          000          000          000          000          000          000          000          000          000          000          000          000          000          000100%000%000%000%000%
200906 69872             70900000000029200140847366                                                                                                        VILLANUEVA          RODRIGUEZ           SANTIAGO HERMENEGILDO         1        11901          000        10697         1204          000          000          000          000          000          000          000          000          000          000          000          000          000          000100%000%000%000%000%
200906 69872             71400000000011400108856681                                                                                                        GALLEGOS            CACERES VDA DE HUAMAELISA                         1         4154          000         2801         1353          000          000          000          000          000          000          000          000          000          000          000          000          000          000100%000%000%000%000%
200906 69872             71600000000021400128266403                                                                                                        FERNANDEZ           HUARIPOMA           HUGO EDMUNDO                  1         7982          000         6600         1382          000          000          000          000          000          000          000          000          000          000          000          000          000          000100%000%000%000%000%
200906 69872             72000000000029400140768483                                                                                                        QUISPE              PACO                YESENIA ANGELA                1         3849          000         2994          855          000          000          000          000          000          000          000          000          000          000          000          000          000          000100%000%000%000%000%
200906 69872             72800000000005600129348899                                                                                                        GUTIERREZ           DIAZ                LUZ MARINA                    1         3307          000          000         3307          000          000          000          000          000          000          000          000          000          000          000          000          000          000100%000%000%000%000%
200906 69872             73000000000020500100520879                                                                                                        HUANACUNE           FLORES              CIRIA BENTURA                 1        12996          000        12004          992          000          000          000          000          000          000          000          000          000          000          000          000          000          000100%000%000%000%000%
200906 69872             74100000000004100100486605                                                                                                        LUPACA              QUISPE              FORTUNATA                     1         1785          000          000         1785          000          000          000          000          000          000          000          000          000          000          000          000          000          000100%000%000%000%000%
200906 69872             74500000000017300100664535                                                                                                        FLORES              SANCA DE PACCI      MARTINA                       1         1727          000          000         1727          000          000          000          000          000          000          000          000          000          000          000          000          000          000100%000%000%000%000%
200906 69872             75100000000000100102702588                                                                                                        LOPEZ               MORANTE             SEGUNDO WILFREDO              1         1599          000          000         1599          000          000          000          000          000          000          000          000          000          000          000          000          000          000100%000%000%000%000%
200906 69872             75500000000026612143982361                                                                                                        PEDRAZA             ARPASI              DANITZA                       1          959          000          000          959          000          000          000          000          000          000          000          000          000          000          000          000          000          000100%000%000%000%000%
200906 69872             75600000000000300103693127                                                                                                        HIDALGO             HUIMAN              LUZ ANGELICA                  1         1575          000          000         1575          000          000          000          000          000          000          000          000          000          000          000          000          000          000100%000%000%000%000%
200906 69872             75700000000017412180296657                                                                                                        OROCOLLO            PARILLO             CESAR                         1         5040          000         3660         1380          000          000          000          000          000          000          000          000          000          000          000          000          000          000100%000%000%000%000%
200906 69872             75900000000006700100493056                                                                                                        PALACIOS            SARMIENTO           ELFREN ANTONIO                1         7271          000         5094         2177          000          000          000          000          000          000          000          000          000          000          000          000          000          000100%000%000%000%000%
200906 69872             76000000000031200100423760                                                                                                        CONDE               DE QUISPE           PAULA                         1         9953          000         6831         3122          000          000          000          000          000          000          000          000          000          000          000          000          000          000100%000%000%000%000%
200906 69872             76400000000026300100492028                                                                                                        CARDENAS            AMEZQUITA           GABRIEL RAMIRO                1         3117          000          000         3117          000          000          000          000          000          000          000          000          000          000          000          000          000          000100%000%000%000%000%
200906 69872             76600000000008212144351570                                                                                                        LAURA               TARQUI              URSULA                        1         7978          000         4115         3863          000          000          000          000          000          000          000          000          000          000          000          000          000          000100%000%000%000%000%
200906 69872             76900000000007700145401834                                                                                                        LIMA                HUANACUNI           RUBEN ANTHONY                 1         1227          000          000         1227          000          000          000          000          000          000          000          000          000          000          000          000          000          000100%000%000%000%000%
200906 69872             77000000000015812100488959                                                                                                        TACORA              PARI                ASELA NORMA                   1        10017          000         8160         1857          000          000          000          000          000          000          000          000          000          000          000          000          000          000100%000%000%000%000%
200906 69872             77100000000012700100440232                                                                                                        MAQUERA             LLANOS              TEODORO                       1         5340          000         3023         2317          000          000          000          000          000          000          000          000          000          000          000          000          000          000100%000%000%000%000%
200906 69872             77600000000019300144794109                                                                                                        APAZA               CUELA               LUIS ALBERTO                  1         1841          000          000         1841          000          000          000          000          000          000          000          000          000          000          000          000          000          000100%000%000%000%000%
200906 69872             77700000000018212100460467                                                                                                        MAITA               DE NOGUERA          ROSA ROSALIA                  1         3069          000          000         3069          000          000          000          000          000          000          000          000          000          000          000          000          000          000100%000%000%000%000%
200906 69872             77800000000017100100505455                                                                                                        CHOQUEÑA           ORDOÑES            CARLOS ALBERTO                1         2456          000          000         2456          000          000          000          000          000          000          000          000          000          000          000          000          000          000100%000%000%000%000%
200906 69872             77900000000014212100433670                                                                                                        CHURA               MAMANI              ELOY ISSAC                    1        17652          000        12542         5110          000          000          000          000          000          000          000          000          000          000          000          000          000          000100%000%000%000%000%
200906 69872             78200000000014800143800687                                                                                                        COLLADO             PARI                JUAN JOSE                     1         1752          000          000         1752          000          000          000          000          000          000          000          000          000          000          000          000          000          000100%000%000%000%000%
200906 69872             78400000000000300103693127                                                                                                        HIDALGO             HUIMAN              LUZ ANGELICA                  1         4496          000          000         4496          000          000          000          000          000          000          000          000          000          000          000          000          000          000100%000%000%000%000%
200906 69872             78600000000016100100412810                                                                                                        MELENDEZ            SALMON              CESAR OMAR                    1         5761          000         4793          968          000          000          000          000          000          000          000          000          000          000          000          000          000          000100%000%000%000%000%
200906 69872             78800000000022000144845380                                                                                                        NOGUERA             MAYTA               ELSA AIDE                     1         8650          000         7609         1041          000          000          000          000          000          000          000          000          000          000          000          000          000          000100%000%000%000%000%
200906 69872             79000000000009900145362212                                                                                                        VARGAS              ESPINOZA            NOHELY CONNY                  1         6347          000         3376         2971          000          000          000          000          000          000          000          000          000          000          000          000          000          000100%000%000%000%000%
200906 69872             79200000000031500143149115                                                                                                        CAPIA               TICONA              RUYER ELOY                    1         1814          000         1004          810          000          000          000          000          000          000          000          000          000          000          000          000          000          000100%000%000%000%000%
200906 69872             79300000000031600123854375                                                                                                        GAMIO               MONTESINOS          BORIS ALEXANDER               1         1021          000          000         1021          000          000          000          000          000          000          000          000          000          000          000          000          000          000100%000%000%000%000%
200906 69872             79500000000027200141952404                                                                                                        GUTIERREZ           GARCIA              WALTER VICTOR                 1         1604          000          000         1604          000          000          000          000          000          000          000          000          000          000          000          000          000          000100%000%000%000%000%
200906 69872             79600000000017012100497947                                                                                                        MEDINA              GUZMAN              EDWARD RENE                   1         1530          000          000         1530          000          000          000          000          000          000          000          000          000          000          000          000          000          000100%000%000%000%000%
200906 69872             79700000000019812100447375                                                                                                        DAMIAN              CHINO               CESAR                         1         4820          000         3361         1459          000          000          000          000          000          000          000          000          000          000          000          000          000          000100%000%000%000%000%
200906 69872             80300000000000100102702588                                                                                                        LOPEZ               MORANTE             SEGUNDO WILFREDO              1         5785          000          000         5785          000          000          000          000          000          000          000          000          000          000          000          000          000          000100%000%000%000%000%
200906 69872             80400000000001500144795011                                                                                                        LOPEZ               HIDALGO             JONATHAN ARTHUR               1         3472          000          000         3472          000          000          000          000          000          000          000          000          000          000          000          000          000          000100%000%000%000%000%
200906 69872             80500000000010100100491108                                                                                                        GUTIERREZ           FIGUEROA            GABRIEL                       1         3703          000         2104         1599          000          000          000          000          000          000          000          000          000          000          000          000          000          000100%000%000%000%000%
200906 69872             80700000000020212100488130                                                                                                        FLORES              CLEMENTE            ADOLFO                        1         1424          000          000         1424          000          000          000          000          000          000          000          000          000          000          000          000          000          000100%000%000%000%000%
200906 69872             81000000000017700100797439                                                                                                        GUTIERREZ           VILCA               ESMELDA JUANA                 1         3014          000          000         3014          000          000          000          000          000          000          000          000          000          000          000          000          000          000100%000%000%000%000%
200906 69872             81300000000008100141815635                                                                                                        QUISPE              ALAVE               SERGIO                        1         6113          000         3310         2803          000          000          000          000          000          000          000          000          000          000          000          000          000          000100%000%000%000%000%
200906 69872             81500000000006212129547982                                                                                                        CASTILLO            APAZA               OTILIA                        1         4554          000          000         4554          000          000          000          000          000          000          000          000          000          000          000          000          000          000100%000%000%000%000%
200906 69872             81600000000000100102702588                                                                                                        LOPEZ               MORANTE             SEGUNDO WILFREDO              1         2778          000          000         2778          000          000          000          000          000          000          000          000          000          000          000          000          000          000100%000%000%000%000%
200906 69872             82000000000017012100497947                                                                                                        MEDINA              GUZMAN              EDWARD RENE                   1          556          000          000          556          000          000          000          000          000          000          000          000          000          000          000          000          000          000100%000%000%000%000%
200906 69872             82100000000031812129561242                                                                                                        TICONA              BENDITA             FREDDY RODOLFO                1         1353          000          000         1353          000          000          000          000          000          000          000          000          000          000          000          000          000          000100%000%000%000%000%
200906 69872             82700000000009700100509657                                                                                                        TICONA              GUZMAN              JESUS FORTUNATO               1         2322          000          000         2322          000          000          000          000          000          000          000          000          000          000          000          000          000          000100%000%000%000%000%
200906 69872             82900000000010300129558112                                                                                                        PAREDES             RAMOS               EDWIN TIMOTEO                 1          742          000          000          742          000          000          000          000          000          000          000          000          000          000          000          000          000          000100%000%000%000%000%
200906 69872             83400000000001300100470882                                                                                                        ESPINOZA            CCORI               JOSE JULIO                    1         3253          000         1931         1322          000          000          000          000          000          000          000          000          000          000          000          000          000          000100%000%000%000%000%
200906 69872             83600000000025300100453092                                                                                                        PARI                MACHACA             SABINA DINA                   1          652          000          000          652          000          000          000          000          000          000          000          000          000          000          000          000          000          000100%000%000%000%000%
200906 69872             83700000000010400100408594                                                                                                        CAMA                OSCAMAYTA           FREDDY                        1         1087          000          000         1087          000          000          000          000          000          000          000          000          000          000          000          000          000          000100%000%000%000%000%
200906 69872             83800000000024700100664596                                                                                                        CALIZAYA            MAMANI              FLAVIO ESTANISLAO             1          796          000          000          796          000          000          000          000          000          000          000          000          000          000          000          000          000          000100%000%000%000%000%
200906 69872             84000000000029012100469200                                                                                                        MAMANI              CHURACUTIPA         CATALINA                      1         2958          000         1631         1327          000          000          000          000          000          000          000          000          000          000          000          000          000          000100%000%000%000%000%
200906 69872             84500000000019412140461886                                                                                                        PACO                FLORES              MARINA MARGARITA              1         1721          000          000         1721          000          000          000          000          000          000          000          000          000          000          000          000          000          000100%000%000%000%000%
200906 69872             84800000000007500101327697                                                                                                        AQUISE              COLQUE              ABAD SIMEON                   1         5258          000          000         5258          000          000          000          000          000          000          000          000          000          000          000          000          000          000100%000%000%000%000%
