200910 69872                           100102702588                                                                                                        LOPEZ               MORANTE             SEGUNDO WILFREDO              1         7334          000          000          000          000          000          000          000          000          000          000          000          000          000          000          000          000          000100%000%000%000%000%
200910 69872                           800100461228                                                                                                        RIOS                DE ALVARES          JULIA GERARDA                 1        17141          000          000          000          000          000          000          000          000          000          000          000          000          000          000          000          000          000100%000%000%000%000%
200910 69872                          1100142328819                                                                                                        MAMANI              LUQUE               CARLOS FREDY                  1        29010          000          000          000          000          000          000          000          000          000          000          000          000          000          000          000          000          000000%000%000%000%100%
200910 69872                          1200100420188                                                                                                        PARI                DELGADO             JUAN JORGE                    1         2592          000          000          000          000          000          000          000          000          000          000          000          000          000          000          000          000          000100%000%000%000%000%
200910 69872                          1400100508593                                                                                                        LIMACHI             CHUCUYA             LIDIA LOURDES                 1        62310          000          000          000          000          000          000          000          000          000          000          000          000          000          000          000          000          000000%000%021%021%058%
200910 69872                          1900100473935                                                                                                        PALACIOS            PIMENTEL            CARMEN ROSA                   1       118369          000          000          000          000          000          000          000          000          000          000          000          000          000          000          000          000          000001%005%015%014%065%
200910 69872                          2000180296024                                                                                                        MAMANI              NINA                LEONOR YRIS                   1        30019          000          000          000          000          000          000          000          000          000          000          000          000          000          000          000          000          000000%000%000%000%100%
200910 69872                          2300142941115                                                                                                        CHAPARRO            HUAYNA              PACIANA SOLEDAD               1        68665          000          000          000          000          000          000          000          000          000          000          000          000          000          000          000          000          000024%020%021%019%016%
200910 69872                          2600100790164                                                                                                        QUISPE              CAPA                EVANGELINA                    1        24415          000          000          000          000          000          000          000          000          000          000          000          000          000          000          000          000          000000%000%000%000%100%
200910 69872                          2700100443765                                                                                                        CALDERON            CARAZAS             KARINA                        1        26201          000          000          000          000          000          000          000          000          000          000          000          000          000          000          000          000          000000%000%000%000%100%
200910 69872                          4100100486605                                                                                                        LUPACA              QUISPE              FORTUNATA                     1        31719          000          000          000          000          000          000          000          000          000          000          000          000          000          000          000          000          000100%000%000%000%000%
200910 69872                          4200100434861                                                                                                        VANEGAS             APAZA               EUSEBIA                       1        40690          000          000          000          000          000          000          000          000          000          000          000          000          000          000          000          000          000000%000%000%000%100%
200910 69872                          4600100442693                                                                                                        MAMANI              FLORES              CESAR ARMANDO                 1        30144          000          000          000          000          000          000          000          000          000          000          000          000          000          000          000          000          000000%000%000%000%100%
200910 69872                          5000100407579                                                                                                        LAQUI               LAQUI               FELISA                        1        29690          000          000          000          000          000          000          000          000          000          000          000          000          000          000          000          000          000100%000%000%000%000%
200910 69872                          5100145116990                                                                                                        MAMANI              GUERRERO            MELISSA EVELYN                1        66694          000          000          000          000          000          000          000          000          000          000          000          000          000          000          000          000          000000%000%000%000%100%
200910 69872                          5400100400399                                                                                                        CONDORI             RAMOS               DELFINA                       1        15559          000          000          000          000          000          000          000          000          000          000          000          000          000          000          000          000          000100%000%000%000%000%
200910 69872                          5700105292246                                                                                                        ARMAS               VELA                ROCIO DEL PILAR               1        35340          000          000          000          000          000          000          000          000          000          000          000          000          000          000          000          000          000000%000%080%020%000%
200910 69872                          5800142374713                                                                                                        MAMANI              LARICO              GLADYS BERTHA                 1        13745          000          000          000          000          000          000          000          000          000          000          000          000          000          000          000          000          000000%000%000%000%100%
200910 69872                          6000100793874                                                                                                        GUTIERREZ           GAURACHI            JUAN ADOLFO                   1        59100          000          000          000          000          000          000          000          000          000          000          000          000          000          000          000          000          000000%000%000%000%100%
200910 69872                          6200129547982                                                                                                        CASTILLO            APAZA               OTILIA                        1        72244          000          000          000          000          000          000          000          000          000          000          000          000          000          000          000          000          000060%040%000%000%000%
200910 69872                          6700100493056                                                                                                        PALACIOS            SARMIENTO           ELFREN ANTONIO                1        67650          000          000          000          000          000          000          000          000          000          000          000          000          000          000          000          000          000052%041%007%000%000%
200910 69872                          7100107518227                                                                                                        LORA                LEGUIA              JUAN JOSE                     1        15653          000          000          000          000          000          000          000          000          000          000          000          000          000          000          000          000          000000%000%000%000%100%
200910 69872                          7300100485628                                                                                                        VARGAS              DE ESCOBAR          FLORIANA                      1         3223          000          000          000          000          000          000          000          000          000          000          000          000          000          000          000          000          000100%000%000%000%000%
200910 69872                          7400145827632                                                                                                        ARRIAGA             DEL CARPIO          RODRIGO PERCY                 1        99981          000          000          000          000          000          000          000          000          000          000          000          000          000          000          000          000          000000%000%000%000%100%
200910 69872                          7500101327697                                                                                                        AQUISE              COLQUE              ABAD SIMEON                   1        85551          000          000          000          000          000          000          000          000          000          000          000          000          000          000          000          000          000058%042%000%000%000%
200910 69872                          7600100482957                                                                                                        HUALLPA             CHOQUECOTA          CAYETANA                      1        28968          000          000          000          000          000          000          000          000          000          000          000          000          000          000          000          000          000000%000%000%049%051%
200910 69872                          7700145401834                                                                                                        LIMA                HUANACUNI           RUBEN ANTHONY                 1         1350          000          000          000          000          000          000          000          000          000          000          000          000          000          000          000          000          000100%000%000%000%000%
200910 69872                          7800145943887                                                                                                        TURPO               CHALCO              PAMELA MILAGROS               1         1062          000          000          000          000          000          000          000          000          000          000          000          000          000          000          000          000          000100%000%000%000%000%
200910 69872                          8200144351570                                                                                                        LAURA               TARQUI              URSULA                        1         5069          000          000          000          000          000          000          000          000          000          000          000          000          000          000          000          000          000100%000%000%000%000%
200910 69872                          8500145170742                                                                                                        MIRANDA             ALIAGA              ABEL WILFREDO                 1        45000          000          000          000          000          000          000          000          000          000          000          000          000          000          000          000          000          000000%000%000%000%100%
200910 69872                          9700100509657                                                                                                        TICONA              GUZMAN              JESUS FORTUNATO               1         5005          000          000          000          000          000          000          000          000          000          000          000          000          000          000          000          000          000100%000%000%000%000%
200910 69872                         10100100491108                                                                                                        GUTIERREZ           FIGUEROA            GABRIEL                       1        49797          000          000          000          000          000          000          000          000          000          000          000          000          000          000          000          000          000071%029%000%000%000%
200910 69872                         10300129558112                                                                                                        PAREDES             RAMOS               EDWIN TIMOTEO                 1         1611          000          000          000          000          000          000          000          000          000          000          000          000          000          000          000          000          000100%000%000%000%000%
200910 69872                         10900144985843                                                                                                        RAMOS               CALDERON            NORMA                         1        13743          000          000          000          000          000          000          000          000          000          000          000          000          000          000          000          000          000000%000%000%000%100%
200910 69872                         12200100403265                                                                                                        VILLANUEVA          TAPIA               NICOLAS TOMAS                 1        27502          000          000          000          000          000          000          000          000          000          000          000          000          000          000          000          000          000100%000%000%000%000%
200910 69872                         12700100440232                                                                                                        MAQUERA             LLANOS              TEODORO                       1         3676          000          000          000          000          000          000          000          000          000          000          000          000          000          000          000          000          000100%000%000%000%000%
200910 69872                         13100100443790                                                                                                        HUARICALLO          CHAMBILLA           JACQUELINE LORENA             1         8706          000          000          000          000          000          000          000          000          000          000          000          000          000          000          000          000          000100%000%000%000%000%
200910 69872                         13700100498596                                                                                                        LAURA               QUISPE              LOURDES MARISOL               1        18883          000          000          000          000          000          000          000          000          000          000          000          000          000          000          000          000          000100%000%000%000%000%
200910 69872                         14100129659989                                                                                                        QUISPE              ALAVE               MARIA                         1        19400          000          000          000          000          000          000          000          000          000          000          000          000          000          000          000          000          000043%057%000%000%000%
200910 69872                         14200100433670                                                                                                        CHURA               MAMANI              ELOY ISSAC                    1         2918          000          000          000          000          000          000          000          000          000          000          000          000          000          000          000          000          000100%000%000%000%000%
200910 69872                         14500100508938                                                                                                        MAMANI              DE ROBLES           MARTINA                       1        42157          000          000          000          000          000          000          000          000          000          000          000          000          000          000          000          000          000000%000%000%000%100%
200910 69872                         14600100447876                                                                                                        CALUMANI            QUISPE              VICENTE                       1        61069          000          000          000          000          000          000          000          000          000          000          000          000          000          000          000          000          000000%000%000%000%100%
200910 69872                         14800143800687                                                                                                        COLLADO             PARI                JUAN JOSE                     1        26453          000          000          000          000          000          000          000          000          000          000          000          000          000          000          000          000          000100%000%000%000%000%
200910 69872                         14900100403371                                                                                                        MAMANI              AYALA               OLIVIA                        1         1321          000          000          000          000          000          000          000          000          000          000          000          000          000          000          000          000          000100%000%000%000%000%
200910 69872                         15000144723190                                                                                                        QUISPE              PALOMINO            JULIO CESAR                   1         2134          000          000          000          000          000          000          000          000          000          000          000          000          000          000          000          000          000000%000%000%000%100%
200910 69872                         15500100479892                                                                                                        APAZA               COPAJA              ROSA                          1        19476          000          000          000          000          000          000          000          000          000          000          000          000          000          000          000          000          000100%000%000%000%000%
200910 69872                         15900116007240                                                                                                        COLAN               CORTEZ              JUAN OSCAR                    1       114860          000          000          000          000          000          000          000          000          000          000          000          000          000          000          000          000          000000%000%000%000%100%
200910 69872                         16100100412810                                                                                                        MELENDEZ            SALMON              CESAR OMAR                    1         9438          000          000          000          000          000          000          000          000          000          000          000          000          000          000          000          000          000100%000%000%000%000%
200910 69872                         16400143101831                                                                                                        MAMANI              LLANOS              WILSON                        1        24121          000          000          000          000          000          000          000          000          000          000          000          000          000          000          000          000          000100%000%000%000%000%
200910 69872                         16700146537043                                                                                                        FLORES              LLANOS              WILLIAM FELIX                 1        39109          000          000          000          000          000          000          000          000          000          000          000          000          000          000          000          000          000100%000%000%000%000%
200910 69872                         17000100497947                                                                                                        MEDINA              GUZMAN              EDWARD RENE                   1         6146          000          000          000          000          000          000          000          000          000          000          000          000          000          000          000          000          000100%000%000%000%000%
200910 69872                         17600100520926                                                                                                        MAMANI              MAMANI              DEMETRIO                      1        20040          000          000          000          000          000          000          000          000          000          000          000          000          000          000          000          000          000100%000%000%000%000%
200910 69872                         18000100489724                                                                                                        SARDON              CACASACA            ALBERTO                       1        17255          000          000          000          000          000          000          000          000          000          000          000          000          000          000          000          000          000100%000%000%000%000%
200910 69872                         18400100491983                                                                                                        MAMANI              MENDOZA             CIRILO                        1         5196          000          000          000          000          000          000          000          000          000          000          000          000          000          000          000          000          000100%000%000%000%000%
200910 69872                         18700100492970                                                                                                        ALLAZO              VARGAS              ROCIO TERESA                  1        20493          000          000          000          000          000          000          000          000          000          000          000          000          000          000          000          000          000100%000%000%000%000%
200910 69872                         19000100438449                                                                                                        PARI                DE HUALPA           CASIMIRA                      1         8859          000          000          000          000          000          000          000          000          000          000          000          000          000          000          000          000          000000%000%000%000%100%
200910 69872                         19100140533845                                                                                                        HUALLPA             PARI                NOEMI REBECA                  1         5921          000          000          000          000          000          000          000          000          000          000          000          000          000          000          000          000          000000%000%000%000%100%
200910 69872                         19300144794109                                                                                                        APAZA               CUELA               LUIS ALBERTO                  1         1189          000          000          000          000          000          000          000          000          000          000          000          000          000          000          000          000          000100%000%000%000%000%
200910 69872                         19800100447375                                                                                                        DAMIAN              CHINO               CESAR                         1        29915          000          000          000          000          000          000          000          000          000          000          000          000          000          000          000          000          000070%030%000%000%000%
200910 69872                         20100100422116                                                                                                        TURPO               CONDORI             VICENTE DIONICIO              1         2124          000          000          000          000          000          000          000          000          000          000          000          000          000          000          000          000          000100%000%000%000%000%
200910 69872                         20200100488130                                                                                                        FLORES              CLEMENTE            ADOLFO                        1        26453          000          000          000          000          000          000          000          000          000          000          000          000          000          000          000          000          000100%000%000%000%000%
200910 69872                         20300141051958                                                                                                        LLANOS              HUANACUNE           ELIZABETH CIRIA               1        43637          000          000          000          000          000          000          000          000          000          000          000          000          000          000          000          000          000000%000%000%078%022%
200910 69872                         20400143137682                                                                                                        COTRADO             AGUILAR             JHONY                         1        26004          000          000          000          000          000          000          000          000          000          000          000          000          000          000          000          000          000000%000%000%067%033%
200910 69872                         20600100512556                                                                                                        MEDEROS             RODRIGUEZ           MILKO RONALD                  1         4177          000          000          000          000          000          000          000          000          000          000          000          000          000          000          000          000          000100%000%000%000%000%
200910 69872                         20700100518281                                                                                                        GUTIERREZ           ACUÑA              DAVID                         1          811          000          000          000          000          000          000          000          000          000          000          000          000          000          000          000          000          000100%000%000%000%000%
200910 69872                         20800180031332                                                                                                        LOPEZ               ARANGO              ANA                           1        41149          000          000          000          000          000          000          000          000          000          000          000          000          000          000          000          000          000050%039%011%000%000%
200910 69872                         21400128266403                                                                                                        FERNANDEZ           HUARIPOMA           HUGO EDMUNDO                  1         7067          000          000          000          000          000          000          000          000          000          000          000          000          000          000          000          000          000100%000%000%000%000%
200910 69872                         21600100417289                                                                                                        LLOQUE              DE IQUIRA           CARMEN TERESA                 1        30915          000          000          000          000          000          000          000          000          000          000          000          000          000          000          000          000          000100%000%000%000%000%
200910 69872                         22200100467549                                                                                                        ZUÑIGA             GONZALEZ            FREDDY WALTER                 1         6700          000          000          000          000          000          000          000          000          000          000          000          000          000          000          000          000          000100%000%000%000%000%
200910 69872                         22800180221679                                                                                                        TORRES              CUSACANI            FREDY LUCIO                   1        60001          000          000          000          000          000          000          000          000          000          000          000          000          000          000          000          000          000000%000%000%000%100%
200910 69872                         23000141088674                                                                                                        HALANOCCA           VILLAFUERTE         CARLA MAGALI                  1         7814          000          000          000          000          000          000          000          000          000          000          000          000          000          000          000          000          000100%000%000%000%000%
200910 69872                         23300109825920                                                                                                        ARAMBURU            OLIVERA             FRIDA                         1        31228          000          000          000          000          000          000          000          000          000          000          000          000          000          000          000          000          000000%000%000%000%100%
200910 69872                         23500100508015                                                                                                        YAJA                GUTIERREZ           MANUEL                        1         7046          000          000          000          000          000          000          000          000          000          000          000          000          000          000          000          000          000000%063%037%000%000%
200910 69872                         23900101297037                                                                                                        RODRIGUEZ           YAHUA               RONY ALBERTO                  1         6413          000          000          000          000          000          000          000          000          000          000          000          000          000          000          000          000          000100%000%000%000%000%
200910 69872                         24200104436006                                                                                                        RIOS                DELGADO             FELIPA                        1        11295          000          000          000          000          000          000          000          000          000          000          000          000          000          000          000          000          000100%000%000%000%000%
200910 69872                         24300106056023                                                                                                        GABANCHO            RAMIREZ             SERGIO SEVERO                 1        12654          000          000          000          000          000          000          000          000          000          000          000          000          000          000          000          000          000000%000%000%000%100%
200910 69872                         24700100664596                                                                                                        CALIZAYA            MAMANI              FLAVIO ESTANISLAO             1         2066          000          000          000          000          000          000          000          000          000          000          000          000          000          000          000          000          000100%000%000%000%000%
200910 69872                         24800100439467                                                                                                        CHAMBILLA           CARDENAS            FLORA CELESTINA               1        20145          000          000          000          000          000          000          000          000          000          000          000          000          000          000          000          000          000000%000%000%006%094%
200910 69872                         24900100791391                                                                                                        ATENCIO             CCACASACA           ANTONIO                       1         1784          000          000          000          000          000          000          000          000          000          000          000          000          000          000          000          000          000100%000%000%000%000%
200910 69872                         25100180184068                                                                                                        RIVERA              MAMANI              TEODORA                       1         3465          000          000          000          000          000          000          000          000          000          000          000          000          000          000          000          000          000100%000%000%000%000%
200910 69872                         25300100453092                                                                                                        PARI                MACHACA             SABINA DINA                   1        22555          000          000          000          000          000          000          000          000          000          000          000          000          000          000          000          000          000074%026%000%000%000%
200910 69872                         26100140054035                                                                                                        TAPIA               ROMERO              INGRID                        1        14027          000          000          000          000          000          000          000          000          000          000          000          000          000          000          000          000          000100%000%000%000%000%
200910 69872                         26400100420569                                                                                                        ELIAS               PALOMAR             JUAN ATILIO                   1        44509          000          000          000          000          000          000          000          000          000          000          000          000          000          000          000          000          000100%000%000%000%000%
200910 69872                         26700100467687                                                                                                        QUISPE              COLQUE              GUADALUPE ANDREA              1        10418          000          000          000          000          000          000          000          000          000          000          000          000          000          000          000          000          000100%000%000%000%000%
200910 69872                         29000100469200                                                                                                        MAMANI              CHURACUTIPA         CATALINA                      1        61055          000          000          000          000          000          000          000          000          000          000          000          000          000          000          000          000          000088%012%000%000%000%
200910 69872                         29100129501908                                                                                                        MACHACA             LIMA                JULIO MARTIN                  1         6721          000          000          000          000          000          000          000          000          000          000          000          000          000          000          000          000          000100%000%000%000%000%
200910 69872                         29400140768483                                                                                                        QUISPE              PACO                YESENIA ANGELA                1        14551          000          000          000          000          000          000          000          000          000          000          000          000          000          000          000          000          000000%000%072%028%000%
200910 69872                         29600100464693                                                                                                        NINA                NINAJA              MARIO                         1         4243          000          000          000          000          000          000          000          000          000          000          000          000          000          000          000          000          000000%100%000%000%000%
200910 69872                         30900180335768                                                                                                        PRADO               PEREZ               GEORGE JULIO                  1         3309          000          000          000          000          000          000          000          000          000          000          000          000          000          000          000          000          000100%000%000%000%000%
200910 69872                         32400100429746                                                                                                        DEL CAMPO           DE DEL PRATT        CARMEN ROSA                   1         8467          000          000          000          000          000          000          000          000          000          000          000          000          000          000          000          000          000000%100%000%000%000%
200910 69872                         33300100521025                                                                                                        CONTRERAS           JILAJA              LOURDES VIOLETA               1         2678          000          000          000          000          000          000          000          000          000          000          000          000          000          000          000          000          000100%000%000%000%000%
200910 69872                         33900101211736                                                                                                        MAMANI              JARRO               FRANCISCO                     1        12465          000          000          000          000          000          000          000          000          000          000          000          000          000          000          000          000          000000%059%041%000%000%
200910 69872                         34000100417841                                                                                                        PEREZ               GOMEZ               NORAH JESUS                   1         1713          000          000          000          000          000          000          000          000          000          000          000          000          000          000          000          000          000100%000%000%000%000%
200910 69872                         35000144207147                                                                                                        OVIEDO              SUAREZ              ANGELA MARIA                  1        11371          000          000          000          000          000          000          000          000          000          000          000          000          000          000          000          000          000100%000%000%000%000%
200910 69872                         35100104622189                                                                                                        ROMERO              CHUQUIMIA DE TAPIA  MARGARITA SERGIA              1        26776          000          000          000          000          000          000          000          000          000          000          000          000          000          000          000          000          000100%000%000%000%000%
200910 69872                         35200100431750                                                                                                        APAZA               DE MAMANI           SATURNINA                     1         3292          000          000          000          000          000          000          000          000          000          000          000          000          000          000          000          000          000100%000%000%000%000%
200910 69872                         35400180458574                                                                                                        CHINO               MAMANI              OLGA                          1        34076          000          000          000          000          000          000          000          000          000          000          000          000          000          000          000          000          000100%000%000%000%000%
200910 69872                         35500104749865                                                                                                        CONDORI             VALDIVIA            CARMEN DEL ROSARIO            1         1980          000          000          000          000          000          000          000          000          000          000          000          000          000          000          000          000          000100%000%000%000%000%
200910 69872                         35700100435861                                                                                                        NINA                QUISPE              JUANA                         1         7810          000          000          000          000          000          000          000          000          000          000          000          000          000          000          000          000          000100%000%000%000%000%
200910 69872                         35800100498848                                                                                                        MENDOZA             MENDOZA             GENARO                        1        37935          000          000          000          000          000          000          000          000          000          000          000          000          000          000          000          000          000100%000%000%000%000%
200910 69872                         36100100683768                                                                                                        TICONA              CALIZAYA            JUANA                         1        29589          000          000          000          000          000          000          000          000          000          000          000          000          000          000          000          000          000079%021%000%000%000%
200910 69872                         36800100441431                                                                                                        MAMANI              DE FLORES           MARIA                         1        13045          000          000          000          000          000          000          000          000          000          000          000          000          000          000          000          000          000100%000%000%000%000%
200910 69872                         36900100669429                                                                                                        RAMOS               NINAJA              HERMELINDA CRISTINA           1        20889          000          000          000          000          000          000          000          000          000          000          000          000          000          000          000          000          000042%058%000%000%000%
200910 69872                         37000141222131                                                                                                        FORA                INCACUTIPA          JUANA                         1         2556          000          000          000          000          000          000          000          000          000          000          000          000          000          000          000          000          000100%000%000%000%000%
200910 69872                         37300100497434                                                                                                        COA                 LUPACA              MARISOL                       1        15617          000          000          000          000          000          000          000          000          000          000          000          000          000          000          000          000          000041%059%000%000%000%
200910 69872                         39100100476649                                                                                                        PALACIOS            AMABLE              ANGELA DEANIRA                1         2461          000          000          000          000          000          000          000          000          000          000          000          000          000          000          000          000          000100%000%000%000%000%
200910 69872                         39200100406966                                                                                                        MAQUERA             FLORES              MARTA MELCHORA                1        12675          000          000          000          000          000          000          000          000          000          000          000          000          000          000          000          000          000100%000%000%000%000%
200910 69872                         40200143916668                                                                                                        HUAMANI             MAMANI              ESTELA DEL ROSARIO            1         2658          000          000          000          000          000          000          000          000          000          000          000          000          000          000          000          000          000100%000%000%000%000%
200910 69872                         40500100442001                                                                                                        CANO                MAMANI              MARLENY                       1         2929          000          000          000          000          000          000          000          000          000          000          000          000          000          000          000          000          000100%000%000%000%000%
200910 69872                         40600129635961                                                                                                        QUISPE              ENCARNACION DORA    HUAYTA                        1         3604          000          000          000          000          000          000          000          000          000          000          000          000          000          000          000          000          000100%000%000%000%000%
200910 69872                         42900142664161                                                                                                        GERONIMO            RAMOS               KARINA LIZBETH                1         2448          000          000          000          000          000          000          000          000          000          000          000          000          000          000          000          000          000100%000%000%000%000%
